f_range,G_0,G,var,bias
0.0,(3.7479192854620473-0.08830826770091307j),(3.747967102912587-0.08920988351060864j),0.0010004679736087523,(-4.781745053961117e-05+0.000901615809695569j)
0.0025,(3.741690972819108-0.17632303308317637j),(3.7410889723302168-0.17734842728998643j),0.0013214006126187994,(0.0006020004888913633+0.0010253942068100541j)
0.005,(3.7313563257749567-0.26375403647205914j),(3.7319632676403978-0.2641954528186032j),0.0012305558012771839,(-0.0006069418654410796+0.0004414163465440435j)
0.0075,(3.7169833602024327-0.3503174285378241j),(3.7158573655408356-0.3505652371182278j),0.0011378571175452057,(0.0011259946615971295+0.0002478085804036856j)
0.01,(3.698665733066395-0.43573879106571345j),(3.699291974503604-0.43748405426524145j),0.0010460455897542157,(-0.0006262414372093517+0.0017452631995280021j)
0.0125,(3.6765212344339626-0.5197559445389076j),(3.6802128397176626-0.5264030994131577j),0.0011587251758791576,(-0.003691605283699939+0.00664715487425005j)
0.015,(3.6506899273139326-0.6021214844496448j),(3.6482529091913416-0.6068883705769982j),0.001305867996471347,(0.002437018122591006+0.004766886127353431j)
0.0175,(3.621331989105082-0.6826049983909342j),(3.6193490622130446-0.6870543926125727j),0.0011116804109063457,(0.0019829268920372733+0.004449394221638481j)
0.02,(3.5886253150249416-0.7609949275163884j),(3.5930314960631726-0.7635429877532645j),0.0008869756638788473,(-0.004406181038230983+0.0025480602368760374j)
0.0225,(3.5527629478528726-0.8371000482690453j),(3.554672449599203-0.8403620172260781j),0.0012685674758432944,(-0.0019095017463302+0.0032619689570327903j)
0.025,(3.5139503996328445-0.9107505627466507j),(3.5130916051096963-0.913271688763898j),0.0012112769568824399,(0.0008587945231481875+0.0025211260172472993j)
0.0275,(3.4724029297719357-0.9817987981027669j),(3.4662776930943875-0.984816488464814j),0.0010579626860812315,(0.006125236677548163+0.003017690362047021j)
0.03,(3.4283428405006244-1.0501195264661327j),(3.432144872367384-1.0514825885493613j),0.0012241190152166973,(-0.0038020318667597586+0.0013630620832285611j)
0.0325,(3.3819968452900833-1.1156099265808543j),(3.3821719463458284-1.115359941226798j),0.0011960522944609187,(-0.00017510105574514157-0.0002499853540562924j)
0.035,(3.3335935589764825-1.178189216430162j),(3.3328548325520164-1.1766625343967168j),0.001113246940645581,(0.0007387264244660408-0.0015266820334451925j)
0.0375,(3.2833611504795948-1.2377979923314595j),(3.280125399322886-1.234972435638276j),0.0010918937739860626,(0.0032357511567089325-0.0028255566931834064j)
0.04,(3.2315251905783313-1.2943973143229333j),(3.229623539631635-1.2976166350270923j),0.0009931108084773245,(0.001901650946696254+0.00321932070415909j)
0.0425,(3.1783067186446274-1.3479675801501212j),(3.177605732571292-1.3457790340906466j),0.0011863253903678754,(0.0007009860733355744-0.0021885460594746053j)
0.045,(3.123920543913432-1.3985072309398248j),(3.1251676455471245-1.3998979046954583j),0.0013017663496302117,(-0.001247101633692349+0.0013906737556335091j)
0.0475,(3.0685737890883007-1.4460313309197002j),(3.065027445520741-1.4464969881086471j),0.00102421789076958,(0.0035463435675597843+0.0004656571889469774j)
0.05,(3.0124646770837455-1.4905700615491946j),(3.0134538761472003-1.4926733768997997j),0.0010449631917610973,(-0.0009891990634547376+0.0021033153506051505j)
0.0525,(2.955781555646475-1.5321671674378043j),(2.955667437456366-1.5297683334980918j),0.0011695424355623628,(0.00011411819010920254-0.002398833939712519j)
0.055,(2.898702149566972-1.5708783877092334j),(2.8967166391961987-1.5704647274769346j),0.0010690557346209818,(0.0019855103707731026-0.0004136602322988292j)
0.0575,(2.841393026216591-1.606769902282197j),(2.836741899270104-1.6060466871396484j),0.0010522691858992363,(0.004651126946487061-0.0007232151425486943j)
0.06,(2.7840092571970665-1.6399168181130523j),(2.7781406623405-1.6421903737089176j),0.0011098147146272116,(0.005868594856566656+0.0022735555958652842j)
0.0625,(2.7266942569019488-1.6704017159833855j),(2.7266028594303644-1.669976752734988j),0.001140585505814862,(9.139747158437572e-05-0.0004249632483974697j)
0.065,(2.6695797776665775-1.6983132740820612j),(2.6682359368640935-1.698817896197843j),0.0011194340335700988,(0.0013438408024839532+0.0005046221157818387j)
0.0675,(2.612786040809993-1.7237449805542338j),(2.6130919720658263-1.7276485903774623j),0.0011417236315956945,(-0.000305931255833336+0.003903609823228571j)
0.07,(2.5564219831252837-1.7467939434614503j),(2.558835867392146-1.7454735287298981j),0.0009729623394999731,(-0.0024138842668621763-0.0013204147315521997j)
0.0725,(2.500585599129832-1.76755980327721j),(2.5028153361668295-1.766565533994258j),0.001098345054473199,(-0.00222973703699747-0.0009942692829518762j)
0.075,(2.4453643605247146-1.7861437501621285j),(2.44492570014588-1.7860997947393364j),0.0011122054375300426,(0.00043866037883466547-4.3955422792008036e-05j)
0.0775,(2.390835695723726-1.8026476458302163j),(2.3919931089398245-1.803533437424647j),0.0011227024434912283,(-0.001157413216098746+0.000885791594430696j)
0.08,(2.337067513900161-1.8171732478214966j),(2.338212727522705-1.8202614324245745j),0.0009404830208500566,(-0.0011452136225442722+0.0030881846030779148j)
0.0825,(2.2841187596807724-1.8298215324116356j),(2.283063617014984-1.827751403155707j),0.0008619633833647028,(0.0010551426657885443-0.0020701292559286433j)
0.085,(2.2320399863225515-1.8406921111817676j),(2.2297283927690623-1.8407793440359512j),0.0012953408056687458,(0.0023115935534891996+8.723285418366089e-05j)
0.08750000000000001,(2.180873936884638-1.849882735401002j),(2.185239047970462-1.843163231447014j),0.0010697672902306114,(-0.004365111085824047-0.006719503953987793j)
0.09,(2.1306561245131914-1.8574888817968456j),(2.127170713895595-1.8552641485190062j),0.0012141440260000985,(0.0034854106175963295-0.0022247332778393414j)
0.0925,(2.0814154044612097-1.8636034129613295j),(2.083429349615009-1.858118186108986j),0.0010520448426574564,(-0.00201394515379949-0.005485226852343539j)
0.095,(2.0331745318482732-1.868316305520717j),(2.035898106702063-1.866822739223904j),0.0009039080012736276,(-0.002723574853789934-0.0014935662968129648j)
0.0975,(1.9859507004152042-1.871714439244773j),(1.9881793230912723-1.8704786003407197j),0.0010963781378269734,(-0.0022286226760681593-0.0012358389040534323j)
0.1,(1.939756058640957-1.8738814404516875j),(1.9430061599656627-1.8720585508663095j),0.0008546157400136852,(-0.003250101324705712-0.001822889585378018j)
0.10250000000000001,(1.89459820056408-1.8748975733449147j),(1.8984023734382485-1.8763974575057893j),0.00121585551746337,(-0.0038041728741684544+0.0014998841608746538j)
0.105,(1.8504806294935416-1.8748396732707486j),(1.8523030608755053-1.8715042512191697j),0.0012718564032173098,(-0.0018224313819636961-0.0033354220515788846j)
0.1075,(1.8074031935107289-1.8737811162866527j),(1.8088902624421876-1.8730721091585727j),0.0009855374867998791,(-0.0014870689314587793-0.0007090071280799748j)
0.11,(1.7653624922656015-1.8717918198607968j),(1.7637697807845911-1.8729419062240187j),0.0011432763468264121,(0.001592711481010367+0.0011500863632218916j)
0.1125,(1.7243522550656123-1.8689382699667167j),(1.7229430723182086-1.8693489538059944j),0.0011087325561994585,(0.0014091827474036478+0.00041068383927767016j)
0.115,(1.6843636906571067-1.86528357028097j),(1.68518932334501-1.8648160626555277j),0.001409794344838249,(-0.000825632687903255-0.0004675076254423427j)
0.11750000000000001,(1.6453858094165104-1.86088750962617j),(1.6440855342417784-1.8601401947503775j),0.0010483807356960345,(0.0013002751747319685-0.000747314875792604j)
0.12,(1.607405718913401-1.8558066442196366j),(1.6086591272702078-1.8548885630647975j),0.001015515379928969,(-0.0012534083568067622-0.0009180811548390455j)
0.1225,(1.5704088939895926-1.8500943916836667j),(1.5701889210328324-1.849343247572101j),0.0011815284163176692,(0.0002199729567602393-0.000751144111565738j)
0.125,(1.5343794226271237-1.8438011341438554j),(1.5310388523496372-1.8393097709281072j),0.0011229988648042825,(0.0033405702774864654-0.0044913632157481675j)
0.1275,(1.4993002289619548-1.8369743280846251j),(1.496881134835422-1.8368298641829135j),0.0011599863708966975,(0.0024190941265327393-0.00014446390171163337j)
0.13,(1.4651532748471057-1.829658618945471j),(1.4686068187172638-1.827106511726625j),0.0011204210033355026,(-0.003453543870158171-0.0025521072188461336j)
0.1325,(1.4319197413855034-1.8218959587270922j),(1.4311084544529251-1.822026288824213j),0.000910004638970669,(0.000811286932578259+0.0001303300971207122j)
0.135,(1.39958019184513-1.8137257251343124j),(1.3973868384672252-1.8122932358629065j),0.0011449820712471,(0.0021933533779048275-0.0014324892714059345j)
0.1375,(1.368114717342158-1.8051848410134852j),(1.3683111737971954-1.8036427014004934j),0.0010674378518206182,(-0.00019645645503740816-0.0015421396129917664j)
0.14,(1.3375030666361938-1.7963078930474325j),(1.3370612288399217-1.791178567877117j),0.0012470829857920294,(0.0004418377962720488-0.005129325170315502j)
0.14250000000000002,(1.3077247613291332-1.7871272488524454j),(1.3070980261398502-1.7869665052629795j),0.0010843605695212955,(0.0006267351892830231-0.00016074358946593925j)
0.145,(1.2787591976987573-1.7776731717813514j),(1.2757206540294024-1.7762680973294216j),0.0011119484667825093,(0.003038543669354965-0.001405074451929833j)
0.1475,(1.2505857363325064-1.767973932875873j),(1.2530916501164648-1.7672185860621614j),0.0009938370184993872,(-0.00250591378395848-0.0007553468137115882j)
0.15,(1.2231837806581283-1.7580559195323877j),(1.2206949915379248-1.7590782780458174j),0.0009632718590946711,(0.0024887891202034496+0.0010223585134296886j)
0.1525,(1.1965328453977617-1.7479437405494331j),(1.1954277435054212-1.7436477995782422j),0.00126424005692303,(0.0011051018923404765-0.004295940971190904j)
0.155,(1.1706126159018517-1.737660327314682j),(1.172673260848236-1.740166490309575j),0.0011312625844166618,(-0.002060644946384249+0.0025061629948930353j)
0.1575,(1.1454029992502197-1.7272270309652193j),(1.1444992304158401-1.7303162310318727j),0.0010848522252370283,(0.0009037688343795924+0.0030892000666533637j)
0.16,(1.1208841679404082-1.7166637154192637j),(1.122554821103856-1.7190791870013324j),0.001200770602278161,(-0.0016706531634478328+0.0024154715820687844j)
0.1625,(1.0970365969186917-1.7059888462314605j),(1.0973168847360601-1.7069399408707069j),0.0010868524844880355,(-0.0002802878173684409+0.0009510946392463637j)
0.165,(1.0738410946473955-1.6952195752687074j),(1.0759456223993753-1.6935296336339465j),0.0009859468347200007,(-0.002104527751979779-0.001689941634760883j)
0.1675,(1.05127882884355-1.684371821240384j),(1.056800239888409-1.6818216014896075j),0.0010725643035367292,(-0.005521411044859148-0.0025502197507765167j)
0.17,(1.0293313474687975-1.6734603461468875j),(1.0299455048419557-1.6699990434345913j),0.0010610272549212505,(-0.0006141573731581751-0.003461302712296277j)
0.17250000000000001,(1.007980595498702-1.6624988277343884j),(1.0086353231424754-1.662360066659934j),0.001262565572856597,(-0.0006547276437733895-0.00013876107445431884j)
0.17500000000000002,(0.9872089279514737-1.6514999280626472j),(0.9881853659291384-1.6518676070236942j),0.0011152365119680922,(-0.0009764379776646681+0.00036767896104694664j)
0.1775,(0.96699911961129-1.6404753583072582j),(0.9664019801084783-1.6405816993420925j),0.0010205017081277147,(0.0005971395028117055+0.0001063410348343119j)
0.18,(0.9473343718400085-1.6294359399284553j),(0.9473461192681732-1.6326691721095938j),0.001103344687566031,(-1.1747428164787799e-05+0.003233232181138579j)
0.1825,(0.9281983168328451-1.6183916623462453j),(0.9218715878281545-1.6148905055923768j),0.001305038673006387,(0.006326729004690668-0.0035011567538685284j)
0.185,(0.9095750196384927-1.6073517372666086j),(0.9108457641995646-1.601816367517512j),0.0008338520901997371,(-0.0012707445610719015-0.005535369749096519j)
0.1875,(0.891448978231932-1.5963246498062325j),(0.8907138583092616-1.5917525184993566j),0.0010956809102973873,(0.0007351199226703908-0.004572131306875837j)
0.19,(0.873805121898757-1.5853182065641702j),(0.8749636703339654-1.5807045162034064j),0.0010464034504061692,(-0.0011585484352083508-0.004613690360763867j)
0.1925,(0.8566288081629633-1.5743395807882155j),(0.8533612211223135-1.5740608166323211j),0.001159685846219547,(0.0032675870406497776-0.0002787641558943399j)
0.195,(0.8399058184656693-1.5633953547819481j),(0.83830437351532-1.565189287079517j),0.0009632590734346972,(0.0016014449503493067+0.0017939322975688565j)
0.1975,(0.8236223527800214-1.5524915596956346j),(0.8226784916447889-1.5523274474901019j),0.0009790635464767298,(0.0009438611352324822-0.000164112205532696j)
0.2,(0.8077650233273594-1.541633712840553j),(0.8064751377710491-1.5394283526126622j),0.001064664873435023,(0.0012898855563103773-0.0022053602278908624j)
0.2025,(0.7923208475414536-1.5308268526621958j),(0.7896426477033953-1.5323743383930222j),0.0012324432786675603,(0.0026781998380582817+0.0015474857308264145j)
0.20500000000000002,(0.7772772404111207-1.5200755715031327j),(0.7720481217703966-1.515143369026141j),0.0010040520709688747,(0.005229118640724062-0.004932202476991554j)
0.20750000000000002,(0.7626220063166317-1.5093840462814503j),(0.76137519138885-1.511608472794196j),0.001254344046472482,(0.0012468149277816698+0.002224426512745792j)
0.21,(0.7483433304618728-1.498756067205486j),(0.7496589074364779-1.499173172576506j),0.0013881145598382714,(-0.0013155769746050483+0.0004171053710200212j)
0.2125,(0.7344297699921655-1.4881950646403432j),(0.7305163959866495-1.4879673623921204j),0.0010828515859190335,(0.003913374005515946-0.00022770224822288299j)
0.215,(0.7208702448767607-1.4777041342363406j),(0.7211047252233102-1.4747700435802287j),0.0010672857021178975,(-0.00023448034654949268-0.002934090656111943j)
0.2175,(0.7076540286253036-1.4672860604242333j),(0.7074841623630015-1.4621214111042369j),0.0011822678891596392,(0.00016986626230208746-0.005164649319996384j)
0.22,(0.6947707388988004-1.4569433383767938j),(0.6925373187683924-1.4570492569309068j),0.0011045635986282457,(0.002233420130407948+0.00010591855411301587j)
0.2225,(0.6822103280678328-1.4466781945311655j),(0.6802127481421804-1.4474367563543575j),0.0011572865230246728,(0.001997579925652415+0.0007585618231920055j)
0.225,(0.669963073763748-1.4364926057613683j),(0.6715501417699581-1.4350141037696822j),0.0011047192821853804,(-0.0015870680062101128-0.0014785019916860875j)
0.2275,(0.6580195694623413-1.4263883172854352j),(0.6592617568669877-1.426678308046888j),0.0008832242768446021,(-0.0012421874046464332+0.00028999076145286296j)
0.23,(0.646370715133974-1.416366859386931j),(0.644249654030927-1.413273536343732j),0.0012080745875646638,(0.002121061103046995-0.00309332304319887j)
0.2325,(0.6350077079891345-1.4064295630260482j),(0.6346466718928587-1.4066929193224247j),0.0011378945626513133,(0.0003610360962758019+0.0002633562963765268j)
0.23500000000000001,(0.6239220333440466-1.396577574411105j),(0.621710180170324-1.3926044328060083j),0.0012107271239978385,(0.0022118531737226332-0.003973141605096764j)
0.23750000000000002,(0.6131054556270443-1.3868118685970967j),(0.6123406802985324-1.3848898639268306j),0.0009741846869085874,(0.0007647753285119352-0.001922004670266153j)
0.24,(0.6025500095429613-1.377133262173956j),(0.6054912508611284-1.3774079101072376j),0.0010674169426929325,(-0.002941241318167087+0.0002746479332815799j)
0.2425,(0.5922479914097523-1.367542425103399j),(0.5873509508935659-1.3728419070592113j),0.0012541384875674653,(0.004897040516186335+0.005299481955812313j)
0.245,(0.5821919506788534-1.3580398917596095j),(0.58653392467611-1.3537249160465252j),0.0009509181090975341,(-0.004341973997256554-0.004314975713084257j)
0.2475,(0.5723746816484291-1.3486260712256268j),(0.5700678747620309-1.3476088189687365j),0.0010680435924515308,(0.0023068068863981717-0.0010172522568903108j)
0.25,(0.5627892153765669-1.3393012568940401j),(0.5623945013899764-1.3381249969374078j),0.0011487054076185243,(0.0003947139865905225-0.0011762599566322862j)
0.2525,(0.553428811799655-1.330065635417564j),(0.5513030740405699-1.3273131411309058j),0.0008219102525654409,(0.002125737759085089-0.002752494286658136j)
0.255,(0.5442869520595869-1.3209192950521755j),(0.5426840938366064-1.322150833459136j),0.0012413977645888028,(0.0016028582229804522+0.0012315384069605528j)
0.2575,(0.53535733104205-1.311862233432772j),(0.5371188020685655-1.3117381864599602j),0.001023320206315933,(-0.001761471026515582-0.00012404697281187538j)
0.26,(0.526633850126938-1.3028943648187656j),(0.5298100580962268-1.3051511897280772j),0.001197755846865353,(-0.003176207969288858+0.002256824909311561j)
0.2625,(0.5181106101509015-1.294015526844613j),(0.518933870887295-1.2956275140434934j),0.0008632326913842315,(-0.0008232607363934941+0.001611987198880449j)
0.265,(0.509781904581143-1.285225486808019j),(0.508700942988985-1.2865701930732096j),0.0012874953158828585,(0.0010809615921579807+0.001344706265190565j)
0.2675,(0.5016422128987947-1.276523947526438j),(0.4969548419835165-1.2710038612427377j),0.001152701682553081,(0.004687370915278211-0.005520086283700376j)
0.27,(0.4936861941895636-1.2679105527904908j),(0.49398693306227087-1.2636844102966507j),0.0009313103919713098,(-0.0003007388727072624-0.004226142493840124j)
0.2725,(0.4859086809387866-1.2593848924410591j),(0.4841812401478232-1.2593721944911946j),0.0010636324798792007,(0.0017274407909633749-1.2697949864470814e-05j)
0.275,(0.478304673027555-1.2509465070950614j),(0.4803056486757781-1.2522749737178365j),0.0012072957702279057,(-0.0020009756482230467+0.0013284666227750819j)
0.2775,(0.47086933192620006-1.242594892543272j),(0.47088335555582567-1.2440160426233244j),0.001101050575221698,(-1.4023629625603551e-05+0.0014211500800525023j)
0.28,(0.4635979750811173-1.2343295038420161j),(0.46735560095799317-1.23057356104723j),0.0010039925036795716,(-0.003757625876875892-0.0037559427947861934j)
0.28250000000000003,(0.45648607049063394-1.2261497591191293j),(0.45251033861109446-1.2248219365572344j),0.0010326798131224952,(0.003975731879539479-0.001327822561894898j)
0.28500000000000003,(0.44952923146546364-1.2180550431132249j),(0.4478900571491063-1.217602052736429j),0.0010512477236096552,(0.0016391743163573502-0.00045299037679580323j)
0.28750000000000003,(0.4427232115690961-1.210044710464062j),(0.43865374324653644-1.2057148673498423j),0.001194393811404601,(0.004069468322559666-0.004329843114219578j)
0.29,(0.4360638997333927-1.20211808877062j),(0.4376499468851476-1.2012254810421867j),0.001223169775968969,(-0.0015860471517548658-0.0008926077284332479j)
0.2925,(0.429547315544577-1.1942744814323931j),(0.4289457615099967-1.1933036766753085j),0.0011351977677606807,(0.0006015540345802872-0.0009708047570846645j)
0.295,(0.4231696046947522-1.186513170288391j),(0.4269746172961029-1.1801452155762306j),0.0011962174323382339,(-0.0038050126013507435-0.006367954712160451j)
0.2975,(0.4169270345940797-1.1788334180673647j),(0.41638122529986454-1.1794888414517732j),0.0009792111068169793,(0.0005458092942151604+0.0006554233844084933j)
0.3,(0.410815990138754-1.171234470661892j),(0.4082310119324759-1.1695147975338605j),0.001096654932215919,(0.0025849782062780657-0.0017196731280315625j)
0.3025,(0.4048329696299316-1.1637155592381045j),(0.4058447127038454-1.164425916705664j),0.0009845595391715111,(-0.001011743073913829+0.0007103574675595414j)
0.305,(0.39897458083882636-1.1562759021920679j),(0.3979522256111168-1.1547410367351414j),0.000999175760189368,(0.0010223552277095482-0.001534865456926493j)
0.3075,(0.39323753721323174-1.1489147069630938j),(0.3931295177037778-1.1487108802191044j),0.001216967892644163,(0.00010801950945393823-0.00020382674398944367j)
0.31,(0.3876186542208151-1.1416311717135714j),(0.38737083729305194-1.1409001417255464j),0.0009450629647678267,(0.0002478169277631559-0.0007310299880249893j)
0.3125,(0.3821148458245955-1.1344244868842872j),(0.3786953821594326-1.1321524594175782j),0.001034694769450289,(0.0034194636651628807-0.002272027466708959j)
0.315,(0.37672312108611605-1.1272938366335863j),(0.37590463144575664-1.1237436345587681j),0.0011920937370220922,(0.00081848964035941-0.003550202074818154j)
0.3175,(0.371440580891926-1.1202384001681926j),(0.3701657794012685-1.1215758329125805j),0.0011165808171640097,(0.0012748014906575067+0.001337432744387801j)
0.32,(0.3662644147990649-1.1132573529729737j),(0.36694959254701687-1.1094498913979811j),0.0009883467310472277,(-0.0006851777479519594-0.0038074615749925655j)
0.3225,(0.36119189799537443-1.1063498679464616j),(0.3647590119372587-1.1065625181151293j),0.0009612997688317337,(-0.003567113941884248+0.00021265016866767184j)
0.325,(0.35622038837055964-1.099515116448485j),(0.35674743251863106-1.1029393510079666j),0.0011646253941037011,(-0.0005270441480714205+0.003424234559481487j)
0.3275,(0.35134732369403104-1.092752269265847j),(0.348493396118385-1.0914334533088441j),0.0012097800808206036,(0.0028539275756460647-0.0013188159570027835j)
0.33,(0.3465702188956821-1.086060497501593j),(0.3474904639395228-1.0885289269901715j),0.0011953629414224842,(-0.000920245043840695+0.002468429488578394j)
0.3325,(0.34188666344585805-1.0794389733930427j),(0.344021726865217-1.0744222785116035j),0.0012270307262759754,(-0.002135063419358929-0.005016694881439188j)
0.335,(0.3372943188308948-1.0728868710634212j),(0.3375305676670343-1.0662732673172848j),0.0011796455211323617,(-0.00023624883613954095-0.006613603746136398j)
0.3375,(0.33279091612072026-1.066403367211597j),(0.3299037668017189-1.0675312596389468j),0.0009806744599756318,(0.0028871493190013586+0.001127892427349897j)
0.34,(0.32837425362511513-1.0599876417441534j),(0.32873450383286473-1.0612714555409373j),0.0010263944334125514,(-0.0003602502077496017+0.0012838137967838836j)
0.3425,(0.32404219463534933-1.0536388783537112j),(0.3214774489652239-1.0513414055444164j),0.0010959039011960885,(0.0025647456701254345-0.0022974728092948205j)
0.34500000000000003,(0.3197926652480145-1.0473562650472026j),(0.32013526709222767-1.0441898491143413j),0.0010379406404674063,(-0.0003426018442131973-0.003166415932861266j)
0.34750000000000003,(0.3156236522679876-1.0411389946275043j),(0.3159004781290022-1.0391814335997303j),0.0010563153805197962,(-0.0002768258610145735-0.001957561027774002j)
0.35000000000000003,(0.3115332011875607-1.0349862651316601j),(0.31653535488878154-1.0317906201574798j),0.001163818570985682,(-0.005002153701220813-0.003195644974180345j)
0.3525,(0.30751941423887313-1.02889728022867j),(0.3079843783762036-1.0342550322946698j),0.0012231507663596557,(-0.00046496413733049247+0.005357752065999755j)
0.355,(0.3035804485168961-1.0228712495796533j),(0.3009866129376635-1.020615522441052j),0.000940119798952223,(0.002593835579232595-0.0022557271386012268j)
0.3575,(0.2997145141703045-1.0169073891629956j),(0.3015848628302159-1.010174658315574j),0.0010733335418769286,(-0.001870348659911425-0.006732730847421653j)
0.36,(0.2959198726576731-1.0110049215669235j),(0.2942838751581221-1.012172373680257j),0.0010258912333727431,(0.0016359974995510118+0.001167452113333578j)
0.3625,(0.2921948350665315-1.0051630762517771j),(0.293452855464911-1.0028742185737074j),0.0011300181315778439,(-0.0012580203983795224-0.0022888576780697445j)
0.365,(0.28853776049289515-0.9993810897841231j),(0.28568504197579675-0.9988771072427386j),0.0010042765171035732,(0.002852718517098396-0.0005039825413845067j)
0.3675,(0.2849470544789856-0.9936582060446874j),(0.28193978606018777-0.9927156361221109j),0.0012648742763106255,(0.003007268418797837-0.0009425699225764639j)
0.37,(0.2814211675069333-0.9879936764119674j),(0.2850196363589755-0.9896511186094731j),0.0010838587804074494,(-0.0035984688520421804+0.001657442197505632j)
0.3725,(0.27795859354634395-0.982386759923264j),(0.2784046879559571-0.9792554138556564j),0.001024862516146868,(-0.0004460944096131292-0.0031313460676075655j)
0.375,(0.2745578686536812-0.9768367234147441j),(0.2740029570532834-0.9767105938533915j),0.0010858761487550805,(0.0005549116003977783-0.0001261295613526059j)
0.3775,(0.27121756962151194-0.9713428416420591j),(0.2760029980653612-0.968581949221015j),0.001043873328132105,(-0.004785428443849271-0.0027608924210440478j)
0.38,(0.2679363126757134-0.9659043973829229j),(0.269228838912877-0.9666504271423904j),0.0013016992654632025,(-0.0012925262371636381+0.0007460297594674703j)
0.3825,(0.26471275221883617-0.9605206815229778j),(0.264975082780596-0.9606987694230017j),0.0010737856760202147,(-0.00026233056175983815+0.0001780879000239377j)
0.385,(0.26154557961787045-0.955190993126174j),(0.2635962443936486-0.9547044738841155j),0.0012349165794322658,(-0.0020506647757781438-0.00048651924205844743j)
0.3875,(0.258433522034735-0.9499146394908227j),(0.2565991230359338-0.9420656244742611j),0.0009002348353796328,(0.0018343989988012233-0.007849015016561545j)
0.39,(0.2553753412978838-0.9446909361923896j),(0.25401353113428404-0.9397837756029727j),0.0010876420497302542,(0.0013618101635997637-0.004907160589416981j)
0.3925,(0.25236983281346465-0.9395192071140412j),(0.2562820221537305-0.9353206494577887j),0.0010742690777079493,(-0.003912189340265881-0.004198557656252544j)
0.395,(0.24941582451455258-0.9343987844658713j),(0.24834464125575928-0.9327227166811818j),0.0010291243168191475,(0.0010711832587932957-0.0016760677846895389j)
0.3975,(0.24651217584701315-0.9293290087936947j),(0.24995121190184802-0.9286558498285123j),0.00107222237069955,(-0.0034390360548348653-0.0006731589651823855j)
0.4,(0.24365777679062775-0.924309228978215j),(0.2422528126408967-0.9242622351572948j),0.001132210701450647,(0.0014049641497310417-4.699382092021587e-05j)
0.4025,(0.2408515469141476-0.9193388022253355j),(0.24039579466684988-0.913316551940065j),0.0012631670446259216,(0.0004557522472977138-0.006022250285270481j)
0.405,(0.23809243446301295-0.9144170940483204j),(0.24092642902980868-0.9144711881569204j),0.001006818037573749,(-0.002833994566795728+5.4094108600022395e-05j)
0.40750000000000003,(0.2353794154785128-0.9095434782424736j),(0.2336804250543137-0.9112900000651685j),0.0010004071239622105,(0.0016989904241991038+0.0017465218226948576j)
0.41000000000000003,(0.23271149294720475-0.9047173368529536j),(0.23335687878575134-0.8998684779271953j),0.0009676386793631484,(-0.0006453858385465916-0.00484885892575837j)
0.41250000000000003,(0.23008769597947626-0.8999380601363028j),(0.2318198210146635-0.8981032210324633j),0.0011876218612572953,(-0.001732125035187243-0.001834839103839525j)
0.41500000000000004,(0.22750707901615627-0.895205046516228j),(0.22408305414732702-0.8967877067336701j),0.001091055401479006,(0.0034240248688292563+0.0015826602174421334j)
0.4175,(0.2249687210621368-0.8905177025341376j),(0.22296569429203028-0.8877938290924517j),0.0012676806679146517,(0.002003026770106525-0.002723873441685898j)
0.42,(0.2224717249460048-0.8858754427949039j),(0.22304430391269758-0.8860820953322692j),0.0010444458992707427,(-0.0005725789666927716+0.00020665253736529277j)
0.4225,(0.2200152166047218-0.8812776899082854j),(0.2191004888902598-0.8815979395039952j),0.0011392500219439793,(0.0009147277144620214+0.000320249595709865j)
0.425,(0.21759834439242476-0.8767238744264179j),(0.21691464939093816-0.8748265485126833j),0.0011755787166304174,(0.0006836950014866006-0.0018973259137345933j)
0.4275,(0.21522027841246455-0.8722134347777517j),(0.2161512378281779-0.8697798088232849j),0.000990696607475554,(-0.0009309594157133616-0.0024336259544668337j)
0.43,(0.21288020987182213-0.8677458171977908j),(0.2134684139321861-0.8632733020501476j),0.001159378823577578,(-0.0005882040603639727-0.00447251514764313j)
0.4325,(0.21057735045709072-0.8633204756569611j),(0.2127610216134202-0.861031641744792j),0.0011990098379539395,(-0.0021836711563294753-0.0022888339121691637j)
0.435,(0.2083109317312265-0.8589368717859116j),(0.20530944908194707-0.8564046798000424j),0.001286023281346949,(0.0030014826492794355-0.002532191985869181j)
0.4375,(0.20608020455031756-0.8545944747985388j),(0.206410908731075-0.8524141902678839j),0.0011966170010454726,(-0.0003307041807574518-0.0021802845306548857j)
0.44,(0.2038844384996391-0.8502927614129935j),(0.20639318779390617-0.8490186371400023j),0.0007723564075157461,(-0.0025087492942670597-0.0012741242729912283j)
0.4425,(0.20172292134829606-0.8460312157709192j),(0.199135564025787-0.8434127370776107j),0.0012235350176031156,(0.0025873573225090596-0.002618478693308557j)
0.445,(0.1995949585217808-0.8418093293551497j),(0.20157347235710663-0.8395928829501904j),0.0010287136804132343,(-0.0019785138353258236-0.002216446404959327j)
0.4475,(0.19749987259179938-0.8376266009060788j),(0.19851459937849977-0.8373983922698345j),0.0011270478452823037,(-0.0010147267867003928-0.000228208636244287j)
0.45,(0.19543700278274417-0.8334825363368978j),(0.19821973043389648-0.8297960297146068j),0.0011236748943260926,(-0.0027827276511523114-0.003686506622291086j)
0.4525,(0.1934057044942142-0.8293766486478871j),(0.19393552627850905-0.8267997289118053j),0.0010749095905381266,(-0.0005298217842948372-0.002576919736081762j)
0.455,(0.19140534883901422-0.8253084578399268j),(0.19167450975363065-0.8188747980417032j),0.001349304043056875,(-0.00026916091461642866-0.006433659798223634j)
0.4575,(0.1894353221960685-0.8212774908273873j),(0.18940956859733799-0.8258104786500644j),0.0010879489429660028,(2.575359873052685e-05+0.0045329878226770814j)
0.46,(0.18749502577773414-0.8172832813505424j),(0.18996389073564474-0.8112570660975343j),0.0009063463196001295,(-0.0024688649579105992-0.00602621525300806j)
0.4625,(0.18558387521098554-0.8133253698876413j),(0.18551725900363877-0.8132327478369307j),0.0011757541281385497,(6.66162073467702e-05-9.262205071058904e-05j)
0.465,(0.1837013001319934-0.8094033035667634j),(0.18444551445527502-0.8028875327901117j),0.001153847186413795,(-0.0007442143232816167-0.006515770776651664j)
0.4675,(0.1818467437936182-0.8055166360775712j),(0.18023979849158342-0.8036911237524835j),0.0010203195061251036,(0.0016069453020347846-0.0018255123250876526j)
0.47000000000000003,(0.18001966268536282-0.8016649275830636j),(0.1777023144409813-0.8001316266602663j),0.0011723038897276643,(0.002317348244381512-0.0015333009227973537j)
0.47250000000000003,(0.1782195261653514-0.7978477446314336j),(0.17803315385677443-0.7985776960630899j),0.0010096070735781553,(0.00018637230857695974+0.0007299514316563283j)
0.47500000000000003,(0.17644581610391044-0.7940646600681138j),(0.18086083118642018-0.7937417031768412j),0.0011472298638673213,(-0.004415015082509743-0.00032295689127259664j)
0.47750000000000004,(0.17469802653834912-0.7903152529480975j),(0.17739347391727794-0.7904657983981764j),0.001080300983626725,(-0.0026954473789288225+0.00015054545007897602j)
0.48,(0.17297566333854697-0.7865991084486056j),(0.17657642749824615-0.7852307473680213j),0.00096950583358821,(-0.003600764159699177-0.001368361080584246j)
0.4825,(0.17127824388297827-0.7829158177821751j),(0.17344712910591395-0.7877126497024907j),0.0011225548697507168,(-0.002168885222935679+0.004796831920315547j)
0.485,(0.16960529674480726-0.7792649781102273j),(0.16446705062475783-0.7740914951284471j),0.0010569031426066974,(0.005138246120049428-0.00517348298178022j)
0.4875,(0.16795636138771036-0.7756461924571766j),(0.16920738008851602-0.7756482913008984j),0.000882377662598102,(-0.0012510187008056561+2.0988437218205647e-06j)
0.49,(0.16633098787109205-0.7720590696251305j),(0.16864413944011028-0.7712064436675274j),0.0012049054970519647,(-0.0023131515690182347-0.0008526259576030482j)
0.4925,(0.1647287365643679-0.7685032241092333j),(0.16301943907714744-0.7710276183048095j),0.0011619959527603763,(0.001709297487220457+0.0025243941955761517j)
0.495,(0.16314917787001024-0.7649782760136905j),(0.16467826823361928-0.7627229155106906j),0.001144151454200086,(-0.0015290903636090425-0.0022553605029999035j)
0.4975,(0.16159189195505577-0.7614838509685186j),(0.1577682238542493-0.7594793877923501j),0.0011284182882317856,(0.0038236681008064766-0.002004463176168425j)
0.5,(0.16005646849078747-0.7580195800470534j),(0.1600966402746764-0.7596776418822517j),0.0012679205559096801,(-4.01717838889315e-05+0.0016580618351983434j)
0.5025000000000001,(0.1585425064003154-0.7545850996842495j),(0.16093803817019667-0.750742220211302j),0.0011755865432142424,(-0.002395531769881276-0.0038428794729474802j)
0.505,(0.157049613613788-0.7511800515957977j),(0.15589270490066048-0.7509896542058324j),0.0012911942101482337,(0.0011569087131275135-0.0001903973899652911j)
0.5075000000000001,(0.15557740683098212-0.7478040826980887j),(0.1498262621489213-0.7447855734602443j),0.0011945696357937069,(0.00575114468206081-0.0030185092378444134j)
0.51,(0.15412551129101684-0.7444568450290427j),(0.1526075317397612-0.7423283215698663j),0.0011514944784093179,(0.0015179795512556549-0.002128523459176468j)
0.5125,(0.15269356054896077-0.7411379956698236j),(0.15182996333512083-0.7363319316090258j),0.0009583404964604631,(0.0008635972138399395-0.0048060640607978655j)
0.515,(0.1512811962590975-0.7378471966674618j),(0.1537463865003527-0.7331781297166369j),0.0012621899895620876,(-0.0024651902412551885-0.004669066950824918j)
0.5175,(0.14988806796463136-0.7345841149583878j),(0.14866760695832273-0.7335138432051593j),0.001144725538878388,(0.0012204610063086263-0.001070271753228491j)
0.52,(0.14851383289362016-0.731348422292905j),(0.1482535731469446-0.7298435008156821j),0.0014829033246324252,(0.0002602597466755674-0.0015049214772229202j)
0.5225,(0.1471581557609257-0.7281397951605957j),(0.15001528537548173-0.7243977244626814j),0.001202636919234733,(-0.002857129614556031-0.0037420706979143237j)
0.525,(0.14582070857599094-0.7249579147166836j),(0.14268516161084635-0.7282103217699449j),0.0010587552355071552,(0.003135546965144592+0.0032524070532613525j)
0.5275,(0.1445011704562463-0.7218024667093477j),(0.13923253232122934-0.7219705197280897j),0.001097323814289053,(0.005268638135016962+0.00016805301874200929j)
0.53,(0.1431992274459647-0.7186731414080022j),(0.1433726601630324-0.718617899404795j),0.0011140328948433223,(-0.0001734327170677119-5.5242003207167656e-05j)
0.5325,(0.14191457234038599-0.7155696335325392j),(0.13974113698959245-0.7132201754701163j),0.0011110909804092441,(0.0021734353507935344-0.0023494580624229267j)
0.535,(0.1406469045149428-0.7124916421835419j),(0.14350258858681958-0.7135285835094524j),0.001266658162812868,(-0.0028556840718767795+0.0010369413259104787j)
0.5375,(0.1393959297594186-0.7094388707734633j),(0.1372366865892697-0.7060164246514716j),0.0011719532808137844,(0.0021592431701489-0.003422446121991718j)
0.54,(0.13816136011688085-0.7064110269587791j),(0.13631478353886986-0.7052681702177267j),0.0010699580415064536,(0.0018465765780109888-0.0011428567410524115j)
0.5425,(0.13694291372723677-0.703407822573102j),(0.14029161615294541-0.7061522424548784j),0.0010891695183153994,(-0.003348702425708644+0.0027444198817764276j)
0.545,(0.1357403146752611-0.7004289735612669j),(0.13489424530620572-0.6998755935068323j),0.0011312685779909636,(0.0008460693690553744-0.0005533800544346157j)
0.5475,(0.1345532928429548-0.6974741999143755j),(0.129676526242623-0.6929403991669817j),0.001235150960026544,(0.004876766600331817-0.004533800747393846j)
0.55,(0.13338158376609666-0.694543225605801j),(0.1314184559102692-0.6950086421837989j),0.000969929196815572,(0.0019631278558274456+0.0004654165779979236j)
0.5525,(0.1322249284948532-0.6916357785281433j),(0.13241987706043332-0.6873434317580228j),0.001070338880075851,(-0.00019494856558011087-0.00429234677012047j)
0.555,(0.13108307345831977-0.6887515904311365j),(0.13111638999201655-0.6836249815601043j),0.0009990853337452034,(-3.3316533696786665e-05-0.005126608871032223j)
0.5575,(0.12995577033286862-0.6858903968604957j),(0.13283453312650767-0.6853909989980942j),0.0011845722228834882,(-0.0028787627936390503-0.0004993978624014961j)
0.56,(0.12884277591418455-0.6830519370976993j),(0.12833394311316615-0.6807473104522954j),0.0010376604407157707,(0.0005088328010184051-0.0023046266454038733j)
0.5625,(0.12774385199287056-0.6802359541006994j),(0.13013398670727475-0.6798508471816409j),0.0011654273258197656,(-0.0023901347144041907-0.0003851069190584644j)
0.5650000000000001,(0.1266587652335163-0.6774421944455536j),(0.12498691755206992-0.6805365036728059j),0.0009292969657525082,(0.0016718476814463756+0.00309430922725229j)
0.5675,(0.1255872870571149-0.6746704082689671j),(0.12536432429555422-0.6736238266485147j),0.0010910889859638174,(0.00022296276156066885-0.001046581620452347j)
0.5700000000000001,(0.1245291935267316-0.6719203492117392j),(0.12630257658421357-0.6709421926527308j),0.0012610861171424707,(-0.001773383057481967-0.0009781565590083474j)
0.5725,(0.12348426523631793-0.6691917743631036j),(0.12405007846188036-0.6677653329266768j),0.0011921043993965512,(-0.0005658132255624282-0.0014264414364267841j)
0.5750000000000001,(0.12245228720257686-0.6664844442059557j),(0.11700911794548784-0.6609665239223662j),0.0009650355948954814,(0.005443169257089028-0.005517920283589439j)
0.5775,(0.1214330487597856-0.6637981225629523j),(0.12324297685993957-0.6616445632375936j),0.0011060729810756329,(-0.0018099281001539708-0.002153559325358767j)
0.58,(0.12042634345748314-0.6611325765434812j),(0.11996914948901767-0.6607431454439214j),0.0010000466132074218,(0.0004571939684654691-0.0003894310995598005j)
0.5825,(0.11943196896093691-0.6584875764914834j),(0.11745574402096796-0.6572437715783143j),0.0010934230354139479,(0.0019762249399689485-0.001243804913169111j)
0.585,(0.11844972695430452-0.6558628959341215j),(0.11526729098925788-0.6576365167063836j),0.0011991671552467385,(0.003182435965046637+0.0017736207722620634j)
0.5875,(0.11747942304640598-0.653258311531286j),(0.11312783420127605-0.6464993660510492j),0.0010447868674843845,(0.004351588845129928-0.006758945480236811j)
0.59,(0.11652086667903114-0.6506736030259217j),(0.11569699970810345-0.6504825962924945j),0.0009881428135991319,(0.0008238669709276919-0.00019100673342720143j)
0.5925,(0.11557387103770132-0.6481085531951735j),(0.11556399667984818-0.6458831615291816j),0.0009084543301393296,(9.874357853142945e-06-0.0022253916659918938j)
0.595,(0.1146382529648156-0.6455629478023297j),(0.11344737042721054-0.6383644726245861j),0.0010395878301367647,(0.001190882537605062-0.007198475177743635j)
0.5975,(0.11371383287510903-0.6430365755495648j),(0.11411534046616893-0.6450277852848763j),0.0011283290813048478,(-0.00040150759105990474+0.0019912097353114167j)
0.6,(0.11280043467335225-0.6405292280314567j),(0.11597248112213487-0.6393973959756413j),0.001147456036050326,(-0.00317204644878262-0.0011318320558154626j)
0.6025,(0.11189788567422652-0.6380406996892811j),(0.10753040308233974-0.6395461936739816j),0.0012344970770847676,(0.0043674825918867816+0.0015054939847004567j)
0.605,(0.11100601652431112-0.6355707877660606j),(0.10574709531778062-0.63623490813358j),0.001116815952563136,(0.005258921206530501+0.0006641203675193941j)
0.6075,(0.11012466112611813-0.6331192922623671j),(0.11301729481516679-0.6321247588457974j),0.0012183735899787673,(-0.002892633689048657-0.0009945334165696318j)
0.61,(0.10925365656411659-0.6306860158928589j),(0.11003137289536163-0.6245482964335612j),0.001272233837715052,(-0.000777716331245043-0.006137719459297641j)
0.6125,(0.10839284303268543-0.6282707640435465j),(0.10908946901951776-0.6291797592386459j),0.0010889788023289817,(-0.0006966259868323305+0.0009089951950993491j)
0.615,(0.10754206376593964-0.6258733447297753j),(0.107152629448481-0.6272692067218848j),0.0009859375434133014,(0.00038943431745863677+0.001395861992109504j)
0.6175,(0.10670116496937579-0.6234935685549114j),(0.10844548077886498-0.6221313400223357j),0.0010079524127939693,(-0.0017443158094891942-0.0013622285325757266j)
0.62,(0.10586999575328271-0.6211312486697237j),(0.1088053102188366-0.620070440382764j),0.0010369090132104092,(-0.0029353144655538954-0.001060808286959647j)
0.6225,(0.10504840806786471-0.6187862007324506j),(0.10584656819035448-0.6189472347776434j),0.0013049091081195083,(-0.0007981601224897744+0.00016103404519274278j)
0.625,(0.10423625664003253-0.6164582428695362j),(0.10210875856672176-0.6155441969263048j),0.0011736821716718737,(0.0021274980733107657-0.0009140459432314119j)
0.6275000000000001,(0.10343339891180883-0.6141471956370341j),(0.10153154193441377-0.6122361540735412j),0.0009442190540136019,(0.001901856977395061-0.0019110415634929767j)
0.63,(0.10263969498030277-0.6118528819826592j),(0.11032841286958052-0.612382569425867j),0.0011260670531139205,(-0.007688717889277746+0.0005296874432078047j)
0.6325000000000001,(0.10185500753921346-0.6095751272084823j),(0.09774204566486823-0.6101199696964982j),0.0011895217831776892,(0.004112961874345233+0.0005448424880158953j)
0.635,(0.10107920182181071-0.6073137589342568j),(0.10132378151379054-0.6035130934728932j),0.0010979550507991547,(-0.0002445796919798293-0.003800665461363595j)
0.6375000000000001,(0.10031214554535813-0.6050686070613647j),(0.10213427569343077-0.6012240739735999j),0.0010661823153538532,(-0.0018221301480726426-0.0038445330877647788j)
0.64,(0.09955370885693224-0.6028395037373753j),(0.09825647041454114-0.6041194074237515j),0.0009776987856817813,(0.001297238442391102+0.0012799036863762048j)
0.6425,(0.09880376428060211-0.6006262833212023j),(0.09840765801791874-0.5998543538732378j),0.001207236898863169,(0.00039610626268336835-0.0007719294479644478j)
0.645,(0.09806218666592957-0.5984287823488543j),(0.09589931735425643-0.6013414463421536j),0.001177331247727371,(0.0021628693116731434+0.002912663993299258j)
0.6475,(0.09732885313775105-0.5962468394997634j),(0.09606046076204909-0.5910617279679414j),0.0012014021469753486,(0.0012683923757019627-0.005185111531821995j)
0.65,(0.09660364304720817-0.5940802955636877j),(0.09579367758569313-0.5908799536093595j),0.0010178475235202663,(0.0008099654615150442-0.0032003419543281675j)
0.6525,(0.09588643792399046-0.5919289934081733j),(0.09509334550566946-0.5875968354986063j),0.0011753285359191645,(0.0007930924183209981-0.0043321579095669804j)
0.655,(0.09517712142975632-0.5897927779465696j),(0.0936864306512456-0.5889659498513451j),0.0010364133033543413,(0.001490690778510717-0.0008268280952244966j)
0.6575,(0.0944755793126996-0.5876714961065868j),(0.09064982807426857-0.584923553132812j),0.0010599159340984694,(0.003825751238431041-0.0027479429737747862j)
0.66,(0.0937816993632325-0.5855649967993872j),(0.09133905457361326-0.5861184529080296j),0.0010740958832049514,(0.002442644789619239+0.0005534561086423251j)
0.6625,(0.09309537137074751-0.5834731308892004j),(0.09314666866504062-0.5784541940279347j),0.0011290487910028298,(-5.1297294293109474e-05-0.005018936861265644j)
0.665,(0.0924164870814376-0.5813957511634542j),(0.0914457200814046-0.5812017810703956j),0.0011496879642306913,(0.0009707670000329988-0.00019397009305865964j)
0.6675,(0.09174494015713715-0.5793327123034119j),(0.08877950150952271-0.5763754177200123j),0.0009581201413911951,(0.002965438647614435-0.00295729458339955j)
0.67,(0.09108062613516267-0.5772838708553075j),(0.09301156246925565-0.5802665475415089j),0.001037347880368754,(-0.0019309363340929836+0.0029826766862013354j)
0.6725,(0.09042344238912027-0.575249085201969j),(0.09022029907776329-0.5701416869351583j),0.0012066556152251844,(0.0002031433113569847-0.005107398266810725j)
0.675,(0.08977328809065642-0.5732282155349243j),(0.08935129157285186-0.5703454625782223j),0.0013415390614904105,(0.00042199651780455705-0.0028827529567020393j)
0.6775,(0.08913006417212811-0.5712211238269759j),(0.0871167635653365-0.5671861811813175j),0.0009672551744587699,(0.0020133006067916126-0.0040349426456584014j)
0.68,(0.08849367329016425-0.5692276738052442j),(0.08498353646214346-0.5701590822972812j),0.0011223277085431463,(0.003510136828020788+0.0009314084920369892j)
0.6825,(0.08786401979009376-0.5672477309246617j),(0.08775854563692563-0.5610517658871562j),0.0010693809116026445,(0.00010547415316812525-0.006195965037505524j)
0.685,(0.08724100967122297-0.5652811623419197j),(0.08964553797797269-0.5644627756203089j),0.00119056943267901,(-0.002404528306749712-0.0008183867216108309j)
0.6875,(0.08662455055293183-0.5633278368898498j),(0.0846276724938925-0.569669872122887j),0.001395085411180003,(0.0019968780590393365+0.006342035233037224j)
0.6900000000000001,(0.08601455164157305-0.5613876250522436j),(0.08515276707102766-0.5570397381740051j),0.0010857735682739016,(0.000861784570545393-0.004347886878238505j)
0.6925,(0.08541092369814873-0.559460398939091j),(0.08865487765013576-0.5581578485655109j),0.0012001371956134696,(-0.0032439539519870247-0.0013025503735801802j)
0.6950000000000001,(0.0848135790067468-0.5575460322622402j),(0.08218981838132332-0.5528649458976463j),0.0008944183921610725,(0.0026237606254234797-0.004681086364593856j)
0.6975,(0.08422243134371556-0.5556444003114643j),(0.08120236327654759-0.5542692207980866j),0.0012373779913424194,(0.0030200680671679664-0.0013751795133777334j)
0.7000000000000001,(0.08363739594755701-0.5537553799309322j),(0.07642638384814976-0.5530258931938387j),0.0008874946918047519,(0.007211012099407249-0.0007294867370934988j)
0.7025,(0.08305838948952092-0.5518788494960742j),(0.07591240531571485-0.5535805895544472j),0.0009581914124267302,(0.007145984173806075+0.0017017400583729803j)
0.705,(0.0824853300448786-0.5500146888908352j),(0.08298333675749453-0.5474592892579131j),0.001129852126930779,(-0.0004980067126159338-0.002555399632922062j)
0.7075,(0.08191813706486357-0.54816277948531j),(0.08338355215046465-0.546795649872831j),0.0009863506367212415,(-0.0014654150856010795-0.001367129612478979j)
0.71,(0.08135673134925632-0.5463230041137533j),(0.08063202759293173-0.5432407402699182j),0.0012397993712442634,(0.0007247037563245934-0.0030822638438351424j)
0.7125,(0.0808010350196-0.5444952470529575j),(0.08045499051279642-0.5431700785492547j),0.0012346055589220633,(0.000346044506803575-0.0013251685037027894j)
0.715,(0.08025097149302823-0.5426793940009899j),(0.07688526248031076-0.5376424404605507j),0.001062414605476154,(0.0033657090127174744-0.005036953540439204j)
0.7175,(0.07970646545669313-0.5408753320562883j),(0.07897704101978939-0.5354853717442911j),0.0008369330139864117,(0.0007294244369037417-0.005389960311997233j)
0.72,(0.07916744284277133-0.5390829496971029j),(0.07999106697664878-0.5386621994738267j),0.0010705373279868272,(-0.0008236241338774458-0.0004207502232762561j)
0.7225,(0.07863383080404175-0.5373021367612805j),(0.07913124399291814-0.5351574544539649j),0.0011147645465935927,(-0.0004974131888763889-0.0021446823073155707j)
0.725,(0.07810555769001194-0.5355327844263854j),(0.07497893595170023-0.5338891169464651j),0.0011628125086842202,(0.0031266217383117134-0.0016436674799202855j)
0.7275,(0.07758255302358645-0.5337747851901504j),(0.07496004045376796-0.5335121691024733j),0.001314517900905052,(0.0026225125698184915-0.0002626160876770811j)
0.73,(0.07706474747825634-0.5320280328512531j),(0.07421682239079315-0.5306871603434544j),0.0010751131597966541,(0.0028479250874631906-0.001340872507798685j)
0.7325,(0.0765520728558042-0.5302924224904085j),(0.07525252413229996-0.5275012907284821j),0.0011407468778860974,(0.0012995487235042402-0.0027911317619264686j)
0.735,(0.07604446206450437-0.5285678504517761j),(0.07775487080447428-0.5248050409296795j),0.00096747206822183,(-0.0017104087399699153-0.003762809522096622j)
0.7375,(0.07554184909780971-0.5268542143246747j),(0.07811635865005594-0.5229832353921041j),0.0011293883991460724,(-0.0025745095522462236-0.003870978932570601j)
0.74,(0.07504416901351445-0.5251514129255963j),(0.07223377697855105-0.5254787119189783j),0.0011779185380123367,(0.002810392034963402+0.0003272989933820192j)
0.7425,(0.07455135791337522-0.5234593462805198j),(0.06962533199634498-0.5185707470370996j),0.001062509806598181,(0.004926025917030244-0.004888599243420222j)
0.745,(0.07406335292318504-0.5217779156075122j),(0.07922812401730232-0.5191181133754481j),0.0010035123053205195,(-0.005164771094117282-0.002659802232064079j)
0.7475,(0.07358009217328537-0.5201070232996194j),(0.06882639013390644-0.517255920302283j),0.0011223873892057127,(0.004753702039378929-0.0028511029973364854j)
0.75,(0.07310151477950494-0.5184465729080345j),(0.0736564982168444-0.5156879169070662j),0.0012719673668896562,(-0.0005549834373394652-0.0027586560009683625j)
0.7525000000000001,(0.07262756082451953-0.5167964691255434j),(0.0713562771551925-0.5139248775903549j),0.0010621219375545117,(0.0012712836693270363-0.002871591535188567j)
0.755,(0.07215817133961358-0.5151566177702407j),(0.07368861876259095-0.5119583476466211j),0.0012509186545120068,(-0.0015304474229773657-0.0031982701236196176j)
0.7575000000000001,(0.07169328828684457-0.5135269257695122j),(0.07084380575017493-0.5119405732348038j),0.0011497704693614332,(0.0008494825366696379-0.0015863525347084018j)
0.76,(0.07123285454158972-0.5119073011442776j),(0.07319543491856846-0.5048453285595583j),0.0010887405457367999,(-0.0019625803769787453-0.0070619725847193004j)
0.7625000000000001,(0.07077681387547438-0.5102976529934908j),(0.07157893071498078-0.5074981204886764j),0.000938267784543392,(-0.0008021168395064004-0.0027995325048144615j)
0.765,(0.07032511093966574-0.5086978914788917j),(0.06729193243978655-0.5058024375830428j),0.0010530054021853027,(0.003033178499879191-0.0028954538958488873j)
0.7675000000000001,(0.06987769124852825-0.5071079278100042j),(0.06929440847749013-0.5020313064614479j),0.0011268555185115483,(0.0005832827710381128-0.005076621348556354j)
0.77,(0.06943450116362929-0.5055276742293815j),(0.07040969748207265-0.5004316056308511j),0.0012457522183649415,(-0.0009751963184433665-0.005096068598530401j)
0.7725,(0.06899548787808611-0.5039570439980844j),(0.06900121403877438-0.5003830925108987j),0.0012510091376284327,(-5.726160688265813e-06-0.003573951487185645j)
0.775,(0.0685605994012476-0.5023959513813983j),(0.06662048645586953-0.5006911676233208j),0.0011439698549192974,(0.0019401129453780752-0.0017047837580774772j)
0.7775,(0.06812978454370316-0.5008443116347789j),(0.06468128184754864-0.5001277073948237j),0.0012009631472868773,(0.003448502696154529-0.0007166042399552319j)
0.78,(0.06770299290260674-0.49930204099002534j),(0.06553842752818217-0.4982957011827315j),0.0011808604437092331,(0.002164565374424568-0.0010063398072938656j)
0.7825,(0.06728017484731375-0.4977690566416734j),(0.0653016409952684-0.4972147611986104j),0.0010467550533201084,(0.0019785338520453416-0.0005542954430630131j)
0.785,(0.06686128150532034-0.49624527673361035j),(0.06590588278372385-0.49281970288609905j),0.0011909478330874622,(0.0009553987215964871-0.0034255738475112985j)
0.7875,(0.06644626474849767-0.49473062034589993j),(0.0679950830545726-0.4956414374226237j),0.001095395726799676,(-0.0015488183060749228+0.0009108170767237467j)
0.79,(0.06603507717961651-0.4932250074818226j),(0.06614956797143029-0.49303936878172344j),0.0008733695076840093,(-0.00011449079181377608-0.0001856387000991333j)
0.7925,(0.0656276721191519-0.49172835905511975j),(0.06985755799834942-0.4913528983834676j),0.0011853257004400485,(-0.004229885879197523-0.00037546067165217245j)
0.795,(0.06522400359236445-0.49024059687744137j),(0.06737653041705072-0.485677696900083j),0.001390318077385061,(-0.0021525268246862655-0.00456289997735837j)
0.7975,(0.06482402631664956-0.48876164364599467j),(0.06170844363889567-0.4847250639670294j),0.0010673205480534432,(0.0031155826777538934-0.0040365796789652575j)
0.8,(0.06442769568914959-0.48729142293138855j),(0.06338739220338985-0.4819535480956219j),0.0011021176782011705,(0.0010403034857597443-0.005337874835766643j)
0.8025,(0.06403496777462162-0.4858298591656697j),(0.06218436083418991-0.48223083577964515j),0.0010710658183002801,(0.0018506069404317024-0.0035990233860245247j)
0.805,(0.06364579929355636-0.48437687763054976j),(0.060555002230118476-0.4839194604125246j),0.0010485811611016297,(0.003090797063437886-0.000457417218025169j)
0.8075,(0.06326014761053997-0.48293240444581653j),(0.06317529866910906-0.48263677101840485j),0.0009387512055083001,(8.484894143090393e-05-0.00029563342741167897j)
0.81,(0.06287797072285682-0.48149636655793016j),(0.0630515178111271-0.47856650298457803j),0.001236389698545065,(-0.0001735470882702761-0.0029298635733521206j)
0.8125,(0.062499227249322935-0.4800686917287969j),(0.06137217580174996-0.47600834495653155j),0.0009363767485295912,(0.0011270514475729757-0.004060346772265355j)
0.8150000000000001,(0.062123876419349036-0.4786493085247201j),(0.06575002313241943-0.47622394573217586j),0.0012044179240709605,(-0.003626146713070391-0.002425362792544239j)
0.8175,(0.06175187806222564-0.4772381463055255j),(0.06232121629256822-0.47657440240013715j),0.000998568846568115,(-0.0005693382303425809-0.0006637439053883698j)
0.8200000000000001,(0.06138319259662434-0.4758351352138544j),(0.06337994891701808-0.46902317526165355j),0.0010661509386149656,(-0.0019967563203937347-0.006811959952200852j)
0.8225,(0.06101778102031379-0.47444020616462684j),(0.0637010192023961-0.47258591610786704j),0.0009217142636086585,(-0.002683238182082305-0.0018542900567597997j)
0.8250000000000001,(0.06065560490008074-0.47305329083466724j),(0.058765693597868165-0.4653426227396487j),0.0010984130703600723,(0.0018899113022125755-0.007710668095018525j)
0.8275,(0.06029662636185612-0.4716743216524923j),(0.06106051496829774-0.4684376802714037j),0.0009976362750929557,(-0.0007638886064416164-0.0032366413810885897j)
0.8300000000000001,(0.05994080808103688-0.4703032317882586j),(0.058570095847520855-0.4648130256559528j),0.001092339983881544,(0.0013707122335160221-0.00549020613230583j)
0.8325,(0.059588113273004076-0.4689399551438636j),(0.05742158029962807-0.46376801418425834j),0.0012146487937476278,(0.0021665329733760036-0.00517194095960527j)
0.835,(0.05923850568382805-0.4675844263432032j),(0.058153977068358974-0.4680154471494548j),0.001082901489324425,(0.0010845286154690728+0.0004310208062516252j)
0.8375,(0.05889194958115998-0.46623658072257723j),(0.058293063820843954-0.4608624885675295j),0.0010614914886638573,(0.0005988857603160258-0.005374092155047749j)
0.84,(0.05854840974530345-0.4648963543212445j),(0.057933522924682165-0.46319237080157377j),0.0010533509390059567,(0.0006148868206212812-0.0017039835196707154j)
0.8425,(0.05820785146046317-0.46356368387212304j),(0.05776821104100906-0.4579677798985787j),0.0011386930138065174,(0.00043964041945411536-0.005595903973544369j)
0.845,(0.05787024050616638-0.4622385067926326j),(0.054551024785278276-0.457480785905255j),0.0009628531964558124,(0.0033192157208881065-0.004757720887377637j)
0.8475,(0.05753554314885353-0.46092076117567876j),(0.056272157230893106-0.4578680456167602j),0.0009828741162479769,(0.0012633859179604218-0.0030527155589185617j)
0.85,(0.05720372613363313-0.45961038578077407j),(0.05506568808730208-0.45442024609173365j),0.0012651224070451283,(0.002138038046331052-0.005190139689040418j)
0.8525,(0.056874756676198866-0.4583073200252957j),(0.054015357701576915-0.45775090162102566j),0.001369656738954132,(0.0028593989746219517-0.0005564184042700093j)
0.855,(0.05654860245490539-0.4570115039758762j),(0.05807561202775634-0.4570914601549637j),0.0011971590069773112,(-0.00152700957285095+7.995617908751473e-05j)
0.8575,(0.05622523160299654-0.4557228783399256j),(0.05340548795388967-0.4537306360181512j),0.0011900830122391944,(0.002819743649106872-0.0019922423217743623j)
0.86,(0.05590461270098607-0.4544413844572812j),(0.053642615528638374-0.449911180292779j),0.0010522757743214623,(0.0022619971723476934-0.004530204164502227j)
0.8625,(0.0555867147691854-0.4531669642919864j),(0.05491491585927067-0.44732869562994715j),0.0009511441702629198,(0.0006717989099147281-0.0058382686620392366j)
0.865,(0.055271507260376336-0.4518995604241913j),(0.055105617104021926-0.44881204982039613j),0.0012430761643803258,(0.00016589015635441046-0.003087510603795196j)
0.8675,(0.054958960052624344-0.45063911604217793j),(0.05165311843241338-0.45224445720729506j),0.001293482731814291,(0.003305841620210963+0.0016053411651171245j)
0.87,(0.05464904344223093-0.4493855749345045j),(0.051187979498911074-0.44667139837536346j),0.0012203733975671282,(0.003461063943319853-0.002714176559141024j)
0.8725,(0.054341728136819756-0.44813888148226805j),(0.05338384456676309-0.446258350843948j),0.0012070411372329414,(0.0009578835700566682-0.0018805306383200548j)
0.875,(0.05403698524855672-0.446898980651484j),(0.05234530071061907-0.4416892141045991j),0.0012340729146188454,(0.0016916845379376516-0.005209766546884875j)
0.8775000000000001,(0.053734786287498504-0.44566581798557997j),(0.05369388105562866-0.44099479772962746j),0.0012825433011638893,(4.090523186984357e-05-0.004671020255952507j)
0.88,(0.05343510315506657-0.44443933959800064j),(0.054425166109833965-0.44412781323669065j),0.0011173133084330213,(-0.000990062954767397-0.00031152636130998834j)
0.8825000000000001,(0.05313790813764772-0.44321949216492496j),(0.058873678437121324-0.4399778382248465j),0.0011752263435440922,(-0.005735770299473607-0.0032416539400784705j)
0.885,(0.052843173900313394-0.4420062229180905j),(0.05505036498610207-0.43836530258003165j),0.0012374373904629004,(-0.002207191085788679-0.0036409203380588506j)
0.8875000000000001,(0.05255087348065858-0.4407994796377257j),(0.051783008378628925-0.436667689820243j),0.0009554569505388356,(0.0007678651020296551-0.0041317898174826895j)
0.89,(0.05226098028275663-0.4395992106455864j),(0.049698537472407045-0.4360751883342379j),0.0013589781967708763,(0.002562442810349584-0.0035240223113484626j)
0.8925000000000001,(0.0519734680712271-0.4384053647980954j),(0.05513406447256204-0.43136649743587635j),0.0012515137822281044,(-0.003160596401334939-0.007038867362219037j)
0.895,(0.0516883109654163-0.4372178914795844j),(0.051251102880698673-0.4366471627314953j),0.001136378280749909,(0.00043720808471762324-0.000570728748089111j)
0.8975,(0.05140548343368424-0.4360367405956356j),(0.04850637452606609-0.43259236387287286j),0.0012849715583088377,(0.0028991089076181517-0.00344437672276271j)
0.9,(0.05112496028780061-0.4348618625665206j),(0.05395192064606204-0.43470589047934505j),0.001121696294002072,(-0.002826960358261431-0.00015597208717554878j)
0.9025,(0.050846716677442574-0.4336932083207363j),(0.05280479682556887-0.43308532925027704j),0.0009702079965388156,(-0.001958080148126297-0.0006078790704592829j)
0.905,(0.05057072808479625-0.4325307292886362j),(0.05302211410593156-0.4277122156762283j),0.0010566871667718977,(-0.0024513860211353086-0.004818513612407871j)
0.9075,(0.05029697031925777-0.43137437739615475j),(0.05124979895681125-0.4304226285550537j),0.0011774045476415484,(-0.0009528286375534781-0.0009517488411010522j)
0.91,(0.05002541951223131-0.43022410505862296j),(0.04935681057621023-0.4256530120960453j),0.0009161700740350794,(0.0006686089360210742-0.004571092962577683j)
0.9125,(0.04975605211202434-0.4290798651746746j),(0.052703595356026825-0.42496800897712617j),0.0010695257478330806,(-0.002947543244002482-0.004111856197548447j)
0.915,(0.04948884487883448-0.4279416111202419j),(0.050435465908046886-0.42377926695853j),0.0009085148211927963,(-0.000946621029212405-0.004162344161711906j)
0.9175,(0.04922377487983068-0.4268092967426375j),(0.053626531747156085-0.4231465948745422j),0.0009676034794777634,(-0.004402756867325407-0.0036627018680953083j)
0.92,(0.04896081948432173-0.4256828763547228j),(0.04805859915819667-0.4260541816448626j),0.0010598861167916112,(0.0009022203261250597+0.0003713052901397895j)
0.9225,(0.04869995635901502-0.42456230472916084j),(0.04726675751160483-0.4185681955087498j),0.001125267346666918,(0.0014331988474101942-0.005994109220411048j)
0.925,(0.048441163463360436-0.423447537092752j),(0.046668987353641896-0.4220226519073939j),0.001132368971076197,(0.0017721761097185401-0.0014248851853581046j)
0.9275,(0.048184419044977625-0.42233852912085157j),(0.050544055558436184-0.4192246396043076j),0.0012090474542104006,(-0.0023596365134585587-0.003113889516543955j)
0.93,(0.047929701635168846-0.42123523693186826j),(0.04669240152587485-0.41908192849863735j),0.0010899037483386204,(0.0012373001092939942-0.002153308433230916j)
0.9325,(0.04767699004450967-0.42013761708184005j),(0.04828620654704989-0.4137060001825848j),0.0013047700236187146,(-0.0006092165025402205-0.006431616899255255j)
0.935,(0.047426263358520626-0.4190456265590905j),(0.04862053732857586-0.4137092611258949j),0.001153588836905585,(-0.0011942739700552332-0.0053363654331956j)
0.9375,(0.0471775009334169-0.41795922277895864j),(0.05237280405479228-0.4155279224593806j),0.0010205707319761552,(-0.00519530312137538-0.002431300319578056j)
0.9400000000000001,(0.04693068239193326-0.41687836357860697j),(0.04904706322619573-0.4102767311150832j),0.0010565894822519668,(-0.0021163808342624726-0.006601632463523743j)
0.9425,(0.04668578761922343-0.41580300721190094j),(0.04586028329046579-0.4169455139889755j),0.0010833502944217052,(0.0008255043287576369+0.001142506777074559j)
0.9450000000000001,(0.04644279675883325-0.4147331123443637j),(0.045875200184151775-0.4119141435501914j),0.001044221850686597,(0.0005675965746814726-0.0028189687941723163j)
0.9475,(0.046201690208745934-0.4136686380482001j),(0.04778104506793143-0.41495896095366874j),0.0010536361024218982,(-0.0015793548591854986+0.001290322905468655j)
0.9500000000000001,(0.04596244861749571-0.4126095437973935j),(0.044184679088883-0.41398893845867224j),0.0009715090584022933,(0.0017777695286127077+0.0013793946612787322j)
0.9525,(0.04572505288035111-0.41155578946286997j),(0.040530009573771786-0.41079635415678134j),0.0012208435402729608,(0.005195043306579321-0.0007594353060886294j)
0.9550000000000001,(0.04548948413556673-0.41050733530773315j),(0.04321669239413021-0.405072350516655j),0.0011700135951220958,(0.0022727917414365195-0.0054349847910781235j)
0.9575,(0.04525572376069902-0.4094641419825632j),(0.04158663669894792-0.40220424641034874j),0.001098396708010798,(0.0036690870617511057-0.007259895572214459j)
0.96,(0.04502375336898784-0.40842617052078456j),(0.0418865559898078-0.40411468458540817j),0.0012073903846391704,(0.003137197379180043-0.004311485935376391j)
0.9625,(0.04479355480580176-0.4073933823340977j),(0.040656693091715344-0.4040689786542756j),0.001236516883106907,(0.004136861714086414-0.003324403679822119j)
0.965,(0.04456511014514462-0.4063657392079745j),(0.04260876910156206-0.4040588797321782j),0.001272872827839112,(0.0019563410435825546-0.0023068594757962857j)
0.9675,(0.04433840168622346-0.4053432032972172j),(0.04475509202199701-0.4023236422298715j),0.0012310317643263226,(-0.00041669033577355213-0.0030195610673456885j)
0.97,(0.044113411950076196-0.4043257371215793j),(0.046672940909283075-0.40227833519350614j),0.0010842924626347549,(-0.002559528959206879-0.002047401928073178j)
0.9725,(0.043890123676257414-0.4033133035614472j),(0.047091663306343914-0.39827777037818957j),0.0010410552963892876,(-0.0032015396300865-0.005035533183257612j)
0.975,(0.04366851981958232-0.4023058658535821j),(0.04624888566995633-0.3994904584487631j),0.0013591586964829142,(-0.0025803658503740085-0.0028154074048190036j)
0.9775,(0.04344858354692584-0.40130338758692047j),(0.0397458368353746-0.3974840992815031j),0.00105599977898426,(0.0037027467115512344-0.00381928830541739j)
0.98,(0.043230298234078354-0.40030583269843395j),(0.03691919883512098-0.39796979166785057j),0.0014446961264249192,(0.006311099398957375-0.00233604103058338j)
0.9825,(0.043013647462653494-0.3993131654690451j),(0.041795094352733264-0.3938065939685666j),0.0010461310865002337,(0.0012185531099202299-0.005506571500478508j)
0.985,(0.04279861501705054-0.39832535051959955j),(0.0392897429930305-0.39367116089131815j),0.00120008070746003,(0.003508872024020039-0.004654189628281402j)
0.9875,(0.042585184881468834-0.3973423528068953j),(0.04128717998099371-0.3948146263992887j),0.0010455806523614595,(0.0012980049004751235-0.0025277264076065675j)
0.99,(0.04237334123697164-0.3963641376197641j),(0.04331823004051967-0.39203017468619855j),0.0011995002152213813,(-0.0009448888035480316-0.004333962933565527j)
0.9925,(0.042163068458602085-0.3953906705752087j),(0.04245885813563728-0.38790241860001895j),0.00123284079127885,(-0.00029578967703519643-0.007488251975189764j)
0.995,(0.04195435111254571-0.3944219176145918j),(0.035246297900212206-0.39401384765138747j),0.0014682480337926598,(0.0067080532123335035-0.000408069963204305j)
0.9975,(0.041747173953343444-0.39345784499987707j),(0.042919449977799874-0.39473124778722707j),0.001009042738715203,(-0.0011722760244564298+0.0012734027873499976j)
1.0,(0.04154152192115022-0.3924984193099226j),(0.040680515745693153-0.3889557022401822j),0.0011529525649352475,(0.00086100617545707-0.003542717069740353j)
1.0025,(0.0413373801390401-0.39154360743682287j),(0.04384329087181809-0.38765834829257j),0.0010956353242920617,(-0.002505910732777991-0.0038852591442528617j)
1.0050000000000001,(0.04113473391035736-0.3905933765823023j),(0.040663248136991-0.38561120669830784j),0.0011737205476216191,(0.0004714857733663577-0.0049821698839944695j)
1.0075,(0.04093356871611116-0.3896476942541562j),(0.04079140183987108-0.3883973838275701j),0.0011354130276362833,(0.00014216687624007962-0.0012503104265860765j)
1.01,(0.04073387021241466-0.38870652826274105j),(0.04121765329591375-0.3853821169074584j),0.0011800314418464175,(-0.0004837830834990911-0.0033244113552826637j)
1.0125,(0.0405356242279663-0.38776984671751147j),(0.03603375083636031-0.3869808868681492j),0.0010203534299946142,(0.004501873391605987-0.0007889598493622807j)
1.0150000000000001,(0.040338816761573186-0.38683761802360356j),(0.039730185812221035-0.38097079676725776j),0.0010151154063296466,(0.0006086309493521513-0.0058668212563458j)
1.0175,(0.04014343397971649-0.3859098108784656j),(0.041127275267628785-0.3817945406691329j),0.0012952579511462492,(-0.0009838412879122974-0.004115270209332722j)
1.02,(0.03994946221415629-0.3849863942685325j),(0.03874734011362939-0.3815764546097582j),0.0011827368708349848,(0.0012021221005268992-0.003409939658774286j)
1.0225,(0.03975688795957613-0.38406733746594496j),(0.039185444878588764-0.37884722242946955j),0.0012920219127810204,(0.0005714430809873675-0.005220115036475403j)
1.025,(0.039565697871266826-0.38315261002531376j),(0.04230003170944444-0.3796085128479808j),0.0012822293908837296,(-0.002734333838177616-0.00354409717733295j)
1.0275,(0.03937587876284895-0.38224218178052616j),(0.03782080845824097-0.3772804802985764j),0.001251449045145261,(0.0015550703046079764-0.004961701481949743j)
1.03,(0.039187417604031556-0.3813360228415946j),(0.039048318102257014-0.3809364481021749j),0.0011537743010134396,(0.00013909950177454222-0.0003995747394197058j)
1.0325,(0.03900030151840842-0.38043410359154806j),(0.03797076054491916-0.37201751478086886j),0.001152268033907091,(0.0010295409734892638-0.008416588810679193j)
1.035,(0.038814517781290976-0.379536394683365j),(0.038147197975233825-0.3736097077073032j),0.001010047664473618,(0.0006673198060571511-0.005926686976061801j)
1.0375,(0.038630053817575186-0.3786428670369452j),(0.042358445862511376-0.375812807048926j),0.001154375905614516,(-0.0037283920449361907-0.002830059988019218j)
1.04,(0.038446897199643684-0.37775349183612356j),(0.03896180761199436-0.37396716188577295j),0.0013998314505773032,(-0.0005149104123506748-0.0037863299503506087j)
1.0425,(0.038265035645304056-0.3768682405257224j),(0.03800819303306593-0.37047777314533503j),0.0009962223086999998,(0.00025684261223812843-0.0063904673803873435j)
1.045,(0.038084457015756315-0.37598708480864224j),(0.03661163005736183-0.37100436111043933j),0.0012986018433364158,(0.0014728269583944853-0.004982723698202907j)
1.0475,(0.037905149313597765-0.3751099966429919j),(0.03860589895549263-0.37152949818547415j),0.0011099401858919613,(-0.0007007496418948642-0.0035804984575177334j)
1.05,(0.03772710068085713-0.3742369482392548j),(0.03822645688551104-0.3722387651236616j),0.0011643095463574865,(-0.0004993562046539113-0.0019981831155931884j)
1.0525,(0.037550299397061795-0.37336791205749414j),(0.038154893108235804-0.3709307648249603j),0.0010037275708285338,(-0.0006045937111740091-0.002437147232533854j)
1.055,(0.03737473387733532-0.37250286080459283j),(0.039069930813782114-0.3675409303833335j),0.0012082803709109768,(-0.0016951969364467911-0.0049619304212593085j)
1.0575,(0.03720039267052618-0.3716417674315306j),(0.03983509245437547-0.36906783436829615j),0.0011236813674689239,(-0.0026346997838492883-0.002573933063234446j)
1.06,(0.03702726445736581-0.3707846051306961j),(0.03777032113649755-0.36462085268403704j),0.001240224877735039,(-0.0007430566791317428-0.006163752446659065j)
1.0625,(0.036855338048656656-0.3699313473332338j),(0.03383757260270672-0.3683212297130538j),0.0010012584998728032,(0.0030177654459499353-0.001610117620179985j)
1.065,(0.0366846023834885-0.369081967706426j),(0.034179026467025274-0.3656662518084305j),0.0009523253652914552,(0.0025055759164632277-0.003415715897995497j)
1.0675000000000001,(0.03651504652748401-0.3682364401511077j),(0.034538821813250256-0.3632521118299667j),0.0010102841328217935,(0.001976224714233754-0.004984328321140985j)
1.07,(0.03634665967107069-0.36739473879911605j),(0.03526693485887996-0.36192909949466434j),0.0012779630318605815,(0.0010797248121907285-0.005465639304451708j)
1.0725,(0.03617943112778259-0.36655683801077105j),(0.0361019189322419-0.36514371595563366j),0.0011771807311815837,(7.751219554068961e-05-0.0014131220551373835j)
1.075,(0.0360133503325855-0.3657227123723906j),(0.03371113171890769-0.3636864203834513j),0.0010469718981780845,(0.0023022186136778117-0.0020362919889393427j)
1.0775000000000001,(0.03584840684023232-0.3648923366938366j),(0.03201560268714684-0.36101439470492785j),0.0011594238410824783,(0.003832804153085484-0.0038779419889087285j)
1.08,(0.03568459032364046-0.36406568600609146j),(0.03658876731576993-0.36341710373660596j),0.0012203272319154588,(-0.0009041769921294754-0.0006485822694854981j)
1.0825,(0.03552189057229856-0.36324273555886755j),(0.03393993487858157-0.3627569247794616j),0.0010417796135645105,(0.0015819556937169965-0.0004858107794059596j)
1.085,(0.03536029749069474-0.3624234608182458j),(0.035983212400768315-0.36430392755977636j),0.001326716011742997,(-0.0006229149100735742+0.0018804667415305842j)
1.0875000000000001,(0.03519980109677144-0.3616078374643455j),(0.0353540117714257-0.3534621224452485j),0.0009237814665321885,(-0.00015421067465425792-0.008145715019097j)
1.09,(0.03504039152040409-0.360795841389022j),(0.03582833519131976-0.35851828478273123j),0.0011724854590304437,(-0.0007879436709156695-0.0022775566062907537j)
1.0925,(0.03488205900190307-0.35998744869359606j),(0.034837050953013475-0.3547233786917032j),0.0010612484294108084,(4.500804888959292e-05-0.005264070001892884j)
1.095,(0.03472479389053862-0.3591826356866097j),(0.03433254507653104-0.35442157547382347j),0.0010390630847992566,(0.0003922488140075814-0.004761060212786217j)
1.0975,(0.034568586643089524-0.3583813788816117j),(0.03479919102288798-0.3533686182964261j),0.0009394518339952169,(-0.00023060437979845888-0.005012760585185627j)
1.1,(0.03441342782241363-0.3575836549949716j),(0.0353544776464207-0.3559258578612298j),0.0010758580176596186,(-0.0009410498240070703-0.0016577971337417563j)
1.1025,(0.0342593080960403-0.3567894409437191j),(0.034293147966049826-0.35165303846226964j),0.0010763971510555025,(-3.383987000952354e-05-0.005136402481449476j)
1.105,(0.03410621823478501-0.35599871384341353j),(0.032873270834698286-0.3480825145199486j),0.0012293148293863907,(0.0012329474000867258-0.007916199323464934j)
1.1075,(0.033954149111384606-0.3552114510060368j),(0.03212283561743168-0.35185036480129844j),0.001160090909811923,(0.0018313134939529283-0.0033610862047383505j)
1.11,(0.0338030916991548-0.3544276299379166j),(0.03511868134081709-0.3487460584634399j),0.001042018499988185,(-0.0013155896416622917-0.0056815714744766765j)
1.1125,(0.033653037070665956-0.3536472283376718j),(0.025958093014948714-0.35321135184408337j),0.0011385863588373763,(0.007694944055717242-0.0004358764935884496j)
1.115,(0.033503976396441204-0.3528702240941864j),(0.034681146807415054-0.3502354157584723j),0.0011890493915208838,(-0.0011771704109738504-0.0026348083357141117j)
1.1175,(0.0333559009436735-0.3520965952846061j),(0.032025118635684885-0.3536158248690001j),0.0011105316964713672,(0.0013307823079886164+0.001519229584394044j)
1.12,(0.03320880207496213-0.3513263201723634j),(0.02980237060998388-0.3490175315727169j),0.0010839705502349493,(0.0034064314649782483-0.002308788599646505j)
1.1225,(0.03306267124706818-0.3505593772052234j),(0.032161970217791075-0.34513849216741677j),0.0012245159471541047,(0.0009007010292771053-0.005420885037806633j)
1.125,(0.032917500009689765-0.34979574501335575j),(0.03362902864963754-0.3502248479202605j),0.0009769289726198492,(-0.0007115286399477783+0.0004291029069047325j)
1.1275,(0.03277328000425455-0.34903540240743103j),(0.03194653001208127-0.3418961811170621j),0.0012609971226156954,(0.0008267499921732827-0.0071392212903689245j)
1.1300000000000001,(0.03263000296273155-0.34827832837673917j),(0.03091088663480864-0.34415365362862593j),0.0010414042501174431,(0.0017191163279229107-0.004124674748113233j)
1.1325,(0.03248766070646015-0.3475245020873316j),(0.030244635261380277-0.34441005381150314j),0.0010774338068595141,(0.0022430254450798714-0.003114448275828463j)
1.135,(0.03234624514499666-0.346773902880187j),(0.02917224176835513-0.3470252544865459j),0.0011784884669074167,(0.003174003376641532+0.0002513516063589183j)
1.1375,(0.03220574827497849-0.3460265102693984j),(0.034885939359081214-0.341804212491509j),0.0011255169972147938,(-0.0026801910841027232-0.0042222977778894055j)
1.1400000000000001,(0.03206616217900524-0.34528230394038356j),(0.03228834896748771-0.3464864005694622j),0.0013060507564898493,(-0.00022218678848246604+0.0012040966290786659j)
1.1425,(0.03192747902453626-0.3445412637481162j),(0.03493460646799419-0.3397021404138993j),0.001162614952262298,(-0.0030071274434579354-0.004839123334216933j)
1.145,(0.031789691062805055-0.34380336971538006j),(0.03127333832294152-0.3364224773767496j),0.0012904966534564477,(0.0005163527398635362-0.007380892338630485j)
1.1475,(0.031652790627748784-0.34306860203104256j),(0.029655201702015136-0.3356533580342951j),0.0011093384295891302,(0.0019975889257336475-0.007415243996747478j)
1.1500000000000001,(0.03151677013495524-0.3423369410483518j),(0.030299319292552092-0.33854901494150336j),0.000993409795465447,(0.001217450842403149-0.003787926106848416j)
1.1525,(0.03138162208062409-0.3416083672832522j),(0.03231689351006107-0.33928913537705j),0.0011639553302340855,(-0.0009352714294369804-0.0023192319062022015j)
1.155,(0.031247339040543748-0.34088286141272084j),(0.0343213024050383-0.3365993441826046j),0.0008449843797806064,(-0.0030739633644945516-0.004283517230116218j)
1.1575,(0.031113913669083632-0.3401604042731255j),(0.02932321482436707-0.3374991406699182j),0.0009578577519403261,(0.0017906988447165609-0.0026612636032072867j)
1.16,(0.03098133869820092-0.3394409768586004j),(0.030437156352007097-0.33461886196807955j),0.0010283992199649002,(0.0005441823461938243-0.004822114890520868j)
1.1625,(0.030849606936462583-0.33872456031944337j),(0.02835350069696839-0.33918318905534883j),0.0010949533710993256,(0.0024961062394941932+0.00045862873590546416j)
1.165,(0.03071871126808006-0.338011135960531j),(0.03320103329021649-0.33759189296452463j),0.0010753428338101394,(-0.0024823220221364267-0.0004192429960063748j)
1.1675,(0.030588644651960203-0.33730068523975304j),(0.029286978888414784-0.33440940359048177j),0.0012165318427536933,(0.0013016657635454183-0.002891281649271271j)
1.17,(0.03045940012076846-0.3365931897664666j),(0.030253097080831202-0.334693063373446j),0.0011724933341364862,(0.00020630303993725632-0.001900126393020618j)
1.1725,(0.030330970780006218-0.3358886312999681j),(0.0275233972396273-0.33117621776069184j),0.0010075015830923806,(0.0028075735403789194-0.004712413539276261j)
1.175,(0.03020334980710183-0.3351869917479823j),(0.031345224468612626-0.33004164353829185j),0.0011737576613435564,(-0.0011418746615107951-0.005145348209690426j)
1.1775,(0.03007653045051432-0.33448825316517183j),(0.029912298540772087-0.3281556835692671j),0.0010317560574066614,(0.00016423190974223373-0.006332569595904725j)
1.18,(0.02995050602885031-0.333792397751663j),(0.030209352939309264-0.3298470832286808j),0.001048442973238618,(-0.00025884691045895483-0.003945314522982191j)
1.1825,(0.0298252699299936-0.33309940785158876j),(0.02748159771587603-0.3357555903872398j),0.00099322495325753,(0.0023436722141175724+0.0026561825356510305j)
1.185,(0.02970081561024756-0.3324092659516495j),(0.027510794910466322-0.32701531553581936j),0.0012329611581173077,(0.0021900206997812373-0.005393950415830129j)
1.1875,(0.029577136593489414-0.33172195467969173j),(0.032603640946067255-0.3287338787407147j),0.0012601769723485678,(-0.0030265043525778412-0.0029880759389770417j)
1.19,(0.029454226470336926-0.3310374568033013j),(0.025739179604031808-0.32726978388965094j),0.001194527752767759,(0.0037150468663051175-0.0037676729136503773j)
1.1925000000000001,(0.029332078897327047-0.3303557552284164j),(0.027522057994982262-0.32503203348451615j),0.001070032412613102,(0.0018100209023447847-0.005323721743900278j)
1.195,(0.029210687596106066-0.3296768329979536j),(0.03261488689738422-0.320755458468096j),0.0011812735380471472,(-0.003404199301278152-0.008921374529857584j)
1.1975,(0.02909004635263177-0.32900067329045213j),(0.026475786963212566-0.3253508166671079j),0.0010165411532932183,(0.0026142593894192025-0.0036498566233442165j)
1.2,(0.028970149016386212-0.32832725941873364j),(0.03100924214161642-0.3250761023794751j),0.0012654917589920314,(-0.002039093125230207-0.0032511570392585454j)
1.2025000000000001,(0.02885098949960029-0.3276565748285774j),(0.027518356479499028-0.32198394673246333j),0.0011364487541494065,(0.0013326330201012607-0.005672628096114074j)
1.205,(0.02873256177648971-0.3269886030974112j),(0.03143362254208269-0.3232900301713949j),0.0011716148726156625,(-0.002701060765592983-0.0036985729260162747j)
1.2075,(0.02861485988249976-0.32632332793301705j),(0.029173521408500706-0.32631802049525865j),0.0012512636324616714,(-0.0005586615260009462-5.307437758395039e-06j)
1.21,(0.02849787791356407-0.32566073317225264j),(0.024272873424938557-0.3201873629460741j),0.0010617649280740015,(0.0042250044886255125-0.005473370226178553j)
1.2125000000000001,(0.028381610025370325-0.3250008027797879j),(0.025419814655920647-0.322428098571992j),0.001340208973327975,(0.002961795369449679-0.002572704207795873j)
1.215,(0.02826605043263843-0.3243435208468546j),(0.026757900506777618-0.31890038350631766j),0.001116170861298273,(0.001508149925860812-0.005443137340536919j)
1.2175,(0.02815119340840883-0.3236888715900127j),(0.025097752521410728-0.3189883532988024j),0.0011147175918330685,(0.003053440886998101-0.0047005182912103205j)
1.22,(0.028037033283339494-0.32303683934992894j),(0.02774090506330499-0.32041519834971793j),0.001062064214582663,(0.0002961282200345042-0.0026216410002110058j)
1.2225,(0.027923564445013455-0.3223874085901706j),(0.030593058921710745-0.3171374024497126j),0.0011188357531536906,(-0.0026694944766972907-0.005250006140458008j)
1.225,(0.027810781337256993-0.32174056389601374j),(0.027276173771015797-0.314687908209819j),0.0009642786820774474,(0.0005346075662411957-0.007052655686194731j)
1.2275,(0.02769867845946527-0.3210962899732632j),(0.02733316316846738-0.32066445119948056j),0.001016273510214775,(0.00036551529099788926-0.0004318387737826668j)
1.23,(0.027587250365939193-0.3204545716470883j),(0.03034138975686799-0.3175157962914105j),0.0009917130397244284,(-0.0027541393909287955-0.0029387753556777696j)
1.2325,(0.027476491665230234-0.31981539386087066j),(0.0274991841324107-0.31546705000020864j),0.0011567511410845535,(-2.2692467180465692e-05-0.004348343860662018j)
1.235,(0.02736639701949505-0.3191787416750651j),(0.024457121718569282-0.31527271447474037j),0.0011992770601295885,(0.0029092753009257663-0.0039060272003247354j)
1.2375,(0.027256961143858942-0.31854460026607456j),(0.02779743843469103-0.31272757256890726j),0.0011521123367781241,(-0.0005404772908320886-0.0058170276971672985j)
1.24,(0.02714817880578759-0.3179129549251368j),(0.025503205461171415-0.31216863873152073j),0.0011567269539372147,(0.0016449733446161768-0.005744316193616095j)
1.2425,(0.02704004482446768-0.3172837910572246j),(0.029901841781589153-0.3116551178560892j),0.0012813897357654505,(-0.002861796957121472-0.005628673201135415j)
1.245,(0.026932554070197016-0.3166570941799578j),(0.02534013652907714-0.31491454529668894j),0.001294476917122684,(0.0015924175411198768-0.0017425488832688574j)
1.2475,(0.026825701463780906-0.3160328499225276j),(0.027379091901041996-0.3167380832805842j),0.0011561001689701972,(-0.0005533904372610893+0.0007052333580566117j)
1.25,(0.026719481975939298-0.3154110440246345j),(0.02778030093005082-0.31248395448913796j),0.0010183483274943414,(-0.0010608189541115205-0.00292708953549653j)
1.2525,(0.026613890626719386-0.3147916623354359j),(0.027478285386020845-0.3097766224451198j),0.0010727343003178532,(-0.0008643947593014595-0.0050150398903160975j)
1.2550000000000001,(0.026508922484919054-0.31417469081250776j),(0.027147699846451455-0.3132229500845677j),0.0011790825074728022,(-0.0006387773615324013-0.0009517407279400758j)
1.2575,(0.026404572667515086-0.31356011552081664j),(0.02456961248235341-0.311576801219715j),0.001221418081445749,(0.0018349601851616777-0.0019833143011016574j)
1.26,(0.02630083633910272-0.3129479226317034j),(0.026691938435408073-0.3085248729021601j),0.0011801774136834592,(-0.0003911020963053534-0.004423049729543327j)
1.2625,(0.02619770871133865-0.3123380984218795j),(0.021713329797577004-0.3062501705790562j),0.0011589096421336334,(0.004484378913761647-0.006087927842823304j)
1.2650000000000001,(0.026095185042395583-0.31173062927243267j),(0.027636160738575048-0.30568756220088417j),0.0010536603544589313,(-0.0015409756961794648-0.006043067071548502j)
1.2675,(0.025993260636421676-0.3111255016678451j),(0.02735261669008759-0.3117004373785372j),0.0009925354250245877,(-0.0013593560536659145+0.0005749357106921149j)
1.27,(0.025891930843007335-0.31052270219502265j),(0.024940159183642327-0.3066424064019553j),0.001014583510611499,(0.0009517716593650076-0.0038802957930673676j)
1.2725,(0.025791191056660938-0.30992221754233323j),(0.027747660811576293-0.3046964359423133j),0.0011947070560036034,(-0.001956469754915355-0.0052257816000199075j)
1.2750000000000001,(0.025691036716289337-0.3093240344986587j),(0.02222679633418145-0.30442050875361854j),0.001179235822443264,(0.0034642403821078874-0.00490352574504016j)
1.2775,(0.02559146330468715-0.308728139952454j),(0.026484925272606544-0.3021383164723382j),0.0008676838163860715,(-0.0008934619679193956-0.006589823480115831j)
1.28,(0.02549246634803217-0.3081345208908197j),(0.02798554528583928-0.3034523684302489j),0.0012121166908774575,(-0.002493078937807109-0.004682152460570799j)
1.2825,(0.025394041415386814-0.30754316439858287j),(0.0245714952929145-0.30146051080349406j),0.0010800618104319065,(0.0008225461224723139-0.006082653595088805j)
1.285,(0.02529618411820743-0.3069540576573888j),(0.0281326330213084-0.3001529863267635j),0.001201440727088862,(-0.002836448903100971-0.006801071330625297j)
1.2875,(0.02519889010985992-0.306367187944803j),(0.02715522776642864-0.2969293477075759j),0.0009763488178897954,(-0.0019563376565687185-0.009437840237227102j)
1.29,(0.025102155085141176-0.3057825426334225j),(0.02128353034474438-0.30167157324150556j),0.0012255640743534045,(0.0038186247403967956-0.004110969391916963j)
1.2925,(0.02500597477980656-0.30520010918999746j),(0.025807233252598562-0.3043280025262142j),0.001189458073258138,(-0.0008012584727920026-0.0008721066637832342j)
1.295,(0.02491034497010544-0.3046198751745618j),(0.025319423991515034-0.30591436933545935j),0.001122423347584515,(-0.00040907902140959254+0.0012944941608975524j)
1.2975,(0.024815261472320636-0.30404182823957426j),(0.026062553356076015-0.2983557224599908j),0.001223787398835502,(-0.001247291883755379-0.00568610577958345j)
1.3,(0.024720720142315702-0.3034659561290679j),(0.024007938899114213-0.29919056371250546j),0.0013758142346875796,(0.0007127812432014893-0.00427539241656244j)
1.3025,(0.024626716875087197-0.3028922466778099j),(0.024944944013589054-0.299729297263722j),0.0009406353226801678,(-0.0003182271385018566-0.003162949414087901j)
1.305,(0.024533247604322614-0.3023206878104689j),(0.018166651834288637-0.2981707319470769j),0.0012062847732238254,(0.006366595770033977-0.0041499558633920075j)
1.3075,(0.024440308301965512-0.30175126754079384j),(0.025684299524587218-0.30322060298383496j),0.0011605570252900814,(-0.0012439912226217056+0.0014693354430411198j)
1.31,(0.0243478949777846-0.30118397397079905j),(0.0222118424157017-0.29719671705843836j),0.0010357763577198047,(0.0021360525620829005-0.003987256912360682j)
1.3125,(0.024256003678949496-0.3006187952899608j),(0.022697549719322634-0.29643859579071424j),0.0010571831058482906,(0.001558453959626862-0.004180199499246584j)
1.315,(0.024164630489611823-0.3000557197744196j),(0.025476541975049685-0.2963013392441701j),0.0009202135594239347,(-0.0013119114854378625-0.003754380530249457j)
1.3175000000000001,(0.024073771530491964-0.2994947357861943j),(0.02343058602157783-0.29500001236439305j),0.0011491036812882216,(0.000643185508914134-0.004494723421801239j)
1.32,(0.02398342295847004-0.29893583177240246j),(0.021437552201723845-0.2906913761536603j),0.0011970253734768282,(0.0025458707567461956-0.008244455618742152j)
1.3225,(0.0238935809661844-0.2983789962644894j),(0.019838791161441435-0.29197972019534124j),0.0013286509204220806,(0.004054789804742966-0.006399276069148141j)
1.325,(0.023804241781632932-0.2978242178774669j),(0.024720844665842602-0.29888605763070986j),0.0010227980312362806,(-0.0009166028842096698+0.0010618397532429769j)
1.3275000000000001,(0.023715401667780602-0.2972714853091582j),(0.024573333915205435-0.291542130632135j),0.0011326115672633484,(-0.0008579322474248328-0.00572935467702318j)
1.33,(0.023627056922172818-0.29672078733945223j),(0.027006300089994748-0.2944781022372175j),0.0013203899856704029,(-0.0033792431678219305-0.0022426851022347427j)
1.3325,(0.02353920387655232-0.2961721128295662j),(0.027370119796867584-0.293434975699279j),0.0012359736975955048,(-0.0038309159203152657-0.0027371371302871705j)
1.335,(0.02345183889648188-0.2956254507213147j),(0.025137518146034904-0.2933522330440449j),0.0009106059932113311,(-0.001685679249553023-0.00227321767726979j)
1.3375000000000001,(0.023364958380971527-0.2950807900363877j),(0.026918536765522454-0.290346277510177j),0.0010787263295185293,(-0.0035535783845509275-0.00473451252621071j)
1.34,(0.023278558762110886-0.2945381198756363j),(0.024256341975985914-0.2898236205306701j),0.0012609316287729392,(-0.0009777832138750282-0.00471449934496615j)
1.3425,(0.023192636504705485-0.2939974294183644j),(0.023516181912977132-0.2893845387266271j),0.0010969245691268283,(-0.00032354540827164713-0.004612890691737259j)
1.345,(0.023107188105918792-0.2934587079216309j),(0.023602966805099844-0.28727407623313667j),0.001125224637927491,(-0.0004957786991810521-0.006184631688494258j)
1.3475,(0.023022210094917585-0.2929219447195562j),(0.023288621002636317-0.2879799646283537j),0.001143278386674081,(-0.0002664109077187317-0.0049419800912025025j)
1.35,(0.022937699032523205-0.29238712922263815j),(0.01999033031410306-0.2942473201033907j),0.0009015332881435422,(0.002947368718420145+0.0018601908807525658j)
1.3525,(0.02285365151086576-0.2918542509170744j),(0.02244136726807378-0.2878985485418105j),0.001057126594704068,(0.00041228424279197984-0.003955702375263881j)
1.355,(0.02277006415304367-0.2913232993640914j),(0.018152679015670217-0.2866499199768461j),0.0011227226438019816,(0.0046173851373734545-0.004673379387245324j)
1.3575,(0.022686933612787424-0.2907942641992817j),(0.022797786886126034-0.2849139301859711j),0.001197490383878633,(-0.00011085327333860973-0.0058803340133106174j)
1.36,(0.02260425657412735-0.29026713513194746j),(0.02079683334299224-0.2892096838328334j),0.0010482051801349909,(0.00180742323113511-0.0010574512991140539j)
1.3625,(0.022522029751065445-0.2897419019444507j),(0.02356165569036902-0.29051903427042514j),0.0012659101185179503,(-0.0010396259393035748+0.0007771323259744278j)
1.365,(0.02244024988725221-0.28921855449157047j),(0.02124265074268335-0.2871090502415776j),0.0012595007650379564,(0.001197599144568861-0.002109504249992844j)
1.3675,(0.022358913755666007-0.2886970826998676j),(0.017585328840774076-0.28215651844131795j),0.0009810396109575263,(0.00477358491489193-0.006540564258549653j)
1.37,(0.022278018158297754-0.2881774765670545j),(0.022880079512681464-0.28230214682518445j),0.0010691365359004014,(-0.0006020613543837108-0.00587532974187005j)
1.3725,(0.02219755992583922-0.287659726161373j),(0.017858194800174414-0.28395177419300494j),0.0012481088380144564,(0.004339365125664806-0.0037079519683680395j)
1.375,(0.022117535917374923-0.28714382162097746j),(0.018742770030158357-0.28414936111671774j),0.0010625863560568393,(0.003374765887216566-0.0029944605042597217j)
1.3775,(0.022037943020078055-0.2866297531533259j),(0.023271167680416843-0.28513004544037535j),0.0011113569541778608,(-0.0012332246603387886-0.0014997077129505487j)
1.3800000000000001,(0.021958778148910233-0.28611751103457517j),(0.02888633024146233-0.28107289789743195j),0.0012849183450597665,(-0.006927552092552098-0.005044613137143217j)
1.3825,(0.021880038246324913-0.28560708560898435j),(0.02312072578313649-0.2792645347049199j),0.0010748371211694871,(-0.0012406875368115786-0.006342550904064437j)
1.385,(0.021801720281974676-0.28509846728832405j),(0.022108978112137797-0.27867966342879874j),0.0010093914475428705,(-0.00030725783016312055-0.006418803859525313j)
1.3875,(0.02172382125242182-0.2845916465512901j),(0.02275392156041211-0.2773169023272257j),0.0010339777166486494,(-0.0010301003079902886-0.007274744224064378j)
1.3900000000000001,(0.021646338180852445-0.2840866139429256j),(0.016344952107799803-0.2805304923376239j),0.0011467678605287016,(0.005301386073052642-0.003556121605301721j)
1.3925,(0.021569268116794996-0.28358336007404794j),(0.01983798894351134-0.28084156550038225j),0.0009634334875668637,(0.001731279173283657-0.00274179457366569j)
1.395,(0.02149260813584087-0.2830818756206805j),(0.02084303285756583-0.27984747862560905j),0.0011287837420665256,(0.0006495752782750414-0.0032343969950714424j)
1.3975,(0.021416355339369433-0.2825821513234926j),(0.017830615738795325-0.27478298245930427j),0.0009664683577985761,(0.003585739600574109-0.007799168864188355j)
1.4000000000000001,(0.021340506854276263-0.28208417798724333j),(0.020756612636837764-0.2747257386024233j),0.001241614148354844,(0.0005838942174384992-0.007358439384820059j)
1.4025,(0.021265059832704623-0.2815879464802314j),(0.02161773338992404-0.28115789963026755j),0.0012785741843584725,(-0.0003526735572194177-0.0004300468499638388j)
1.405,(0.021190011451779678-0.2810934477337515j),(0.021809090564123376-0.2760974634541078j),0.0009777417461406307,(-0.0006190791123436984-0.004995984279643706j)
1.4075,(0.021115358913347308-0.280600672741555j),(0.022302807032486178-0.2787835417984682j),0.0012907045018495475,(-0.0011874481191388696-0.0018171309430867755j)
1.41,(0.021041099443714815-0.2801096125593166j),(0.018840557874761438-0.2770537057290584j),0.0010909314357362577,(0.0022005415689533778-0.0030559068302581927j)
1.4125,(0.020967230293395176-0.27962025830410725j),(0.0189482378370167-0.27495951289047343j),0.0012608490011608285,(0.0020189924563784774-0.0046607454136338156j)
1.415,(0.02089374873685455-0.2791326011538704j),(0.01789538168410361-0.277176546474332j),0.0011575439826821787,(0.002998367052750941-0.0019560546795384104j)
1.4175,(0.02082065207226297-0.27864663234690634j),(0.02081659407912953-0.27435488829378163j),0.0011975795460674934,(4.0579931334383534e-06-0.004291744053124713j)
1.42,(0.020747937621247693-0.2781623431813585j),(0.02005628907155515-0.268769150530895j),0.0010805542162542498,(0.0006916485496925445-0.009393192650463511j)
1.4225,(0.02067560272864986-0.2776797250147081j),(0.016717820616771347-0.27586200821170875j),0.0010328566500508835,(0.003957782111878513-0.0018177168029993584j)
1.425,(0.020603644762283414-0.2771987692632718j),(0.021047796524012848-0.2715729603231527j),0.0012683366708212502,(-0.00044415176172943327-0.005625808940119104j)
1.4275,(0.020532061112698247-0.2767194674017048j),(0.020017062921046866-0.2706947260292893j),0.001172040926494023,(0.0005149981916513814-0.0060247413724154875j)
1.43,(0.0204608491929449-0.2762418109625096j),(0.02423905640147688-0.27188547761138093j),0.0013088872401497151,(-0.003778207208531982-0.004356333351128672j)
1.4325,(0.020390006438342306-0.2757657915355493j),(0.015361763504901942-0.26924357812353283j),0.0013035756482197586,(0.005028242933440364-0.006522213412016475j)
1.435,(0.0203195303062492-0.2752914007675652j),(0.02011146355035755-0.2677748610169675j),0.0010796811044106467,(0.0002080667558916477-0.007516539750597684j)
1.4375,(0.020249418275837466-0.2748186303617003j),(0.019141788013461124-0.2699811385960003j),0.0011059964780258198,(0.0011076302623763412-0.004837491765699975j)
1.44,(0.020179667847868094-0.27434747207702675j),(0.020395771327790423-0.2675098535785177j),0.0011264108565129157,(-0.00021610347992232978-0.006837618498509057j)
1.4425000000000001,(0.020110276544470163-0.2738779177280785j),(0.021817354395882848-0.26896040972753504j),0.0010583006301364052,(-0.0017070778514126847-0.004917508000543469j)
1.445,(0.02004124190892282-0.2734099591843879j),(0.020408906229578565-0.2701584340998416j),0.0009105910128890627,(-0.0003676643206557452-0.0032515250845462917j)
1.4475,(0.019972561505438847-0.2729435883700276j),(0.017613764711689836-0.2684588204050756j),0.0010391906268331262,(0.0023587967937490108-0.004484767964951952j)
1.45,(0.019904232918951634-0.2724787972631573j),(0.01904860479543408-0.2637831159737459j),0.0010516675356204833,(0.0008556281235175545-0.00869568128941145j)
1.4525000000000001,(0.019836253754904446-0.2720155778955735j),(0.017028417686922287-0.2666895742295412j),0.0013819933405073085,(0.002807836067982159-0.0053260036660323085j)
1.455,(0.0197686216390421-0.2715539223522655j),(0.019977070865164093-0.2668875327814827j),0.001176179469580697,(-0.0002084492261219921-0.004666389570782803j)
1.4575,(0.019701334217204946-0.2710938227709744j),(0.019539081738539403-0.262303938732617j),0.001024174831320553,(0.00016225247866554285-0.008789884038357398j)
1.46,(0.019634389155125703-0.270635271341757j),(0.018437651367502056-0.2651723597757856j),0.0011558701740361592,(0.0011967377876236467-0.005462911565971396j)
1.4625000000000001,(0.019567784138228413-0.2701782603065544j),(0.02021965030809915-0.2650354168512732j),0.0011466169142565178,(-0.0006518661698707365-0.00514284345528121j)
1.465,(0.019501516871429696-0.2697227819587641j),(0.01678431729312256-0.26780658508785704j),0.0010470344670958675,(0.002717199578307135-0.0019161968709070498j)
1.4675,(0.0194355850789428-0.26926882864281676j),(0.018692854240400392-0.2640780595456507j),0.0012215793120141057,(0.0007427308385424061-0.005190769097166037j)
1.47,(0.019369986504082694-0.26881639275375646j),(0.019563811648968164-0.2643203917938604j),0.001122361445243998,(-0.00019382514488546984-0.0044960009598960515j)
1.4725,(0.019304718909075445-0.26836546673682643j),(0.020340156794232164-0.2637421762776274j),0.001151806183731338,(-0.001035437885156719-0.004623290459199014j)
1.475,(0.019239780074868103-0.2679160430870576j),(0.02038095424613613-0.2591715699180837j),0.0009950347074767726,(-0.0011411741712680258-0.008744473168973865j)
1.4775,(0.019175167800941237-0.2674681143488609j),(0.01989937787653601-0.2626824234604905j),0.0011805326196531445,(-0.0007242100755947729-0.004785690888370442j)
1.48,(0.019110879905124206-0.26702167311562514j),(0.01683526080891284-0.26108198048816983j),0.0011817133050653066,(0.002275619096211365-0.005939692627455306j)
1.4825,(0.019046914223412186-0.2665767120293172j),(0.019498775729860824-0.26086734669240064j),0.001316323904093357,(-0.0004518615064486378-0.005709365336916572j)
1.485,(0.018983268609784762-0.26613322378008697j),(0.013939693849700738-0.2625799066157181j),0.0009438679751813177,(0.005043574760084024-0.003553317164368852j)
1.4875,(0.018919940936028147-0.2656912011058756j),(0.01982994066473147-0.2599070680341551j),0.0011758368799171933,(-0.0009099997287033215-0.0057841330717204875j)
1.49,(0.018856929091557433-0.2652506367920281j),(0.019256848778294252-0.257816444752042j),0.0010090270042285635,(-0.00039991968673681877-0.007434192039986076j)
1.4925,(0.018794230983242625-0.2648115236709091j),(0.015709867780019496-0.2598978317349102j),0.0011279577206503427,(0.003084363203223129-0.004913691935998887j)
1.495,(0.018731844535235846-0.2643738546215229j),(0.016609289894059184-0.26188600955796626j),0.001019860567281302,(0.0021225546411766626-0.0024878450635566485j)
1.4975,(0.018669767688800482-0.2639376225691367j),(0.023711041146777127-0.25723316054424267j),0.0012721743463024126,(-0.005041273457976645-0.006704462024894053j)
1.5,(0.01860799840214276-0.2635028204849076j),(0.016303226885474698-0.2540506735309588j),0.0011957318928319171,(0.002304771516668063-0.009452146953948803j)
1.5025,(0.018546534650244993-0.2630694413855131j),(0.018526149014407342-0.2589915893687345j),0.0011185423727986762,(2.0385635837651128e-05-0.0040778520167785715j)
1.5050000000000001,(0.018485374424700194-0.26263747833278583j),(0.017584892313255832-0.2581296313386373j),0.0011343353408449289,(0.0009004821114443617-0.004507846994148523j)
1.5075,(0.018424515733550015-0.2622069244333504j),(0.01766197147100575-0.2548857354043515j),0.0011994207872427875,(0.0007625442625442645-0.00732118902899892j)
1.51,(0.01836395660112271-0.261777772838265j),(0.018034680925621466-0.2557445637218597j),0.0011049879101937736,(0.0003292756755012456-0.006033209116405258j)
1.5125,(0.018303695067874538-0.26135001674266595j),(0.01476827914174887-0.25364181405106434j),0.0010871849052149613,(0.0035354159261256676-0.007708202691601607j)
1.5150000000000001,(0.018243729190231914-0.2609236493854155j),(0.015302550846319676-0.2569784328057931j),0.0015269275668532798,(0.002941178343912238-0.003945216579622435j)
1.5175,(0.018184057040435984-0.26049866404875316j),(0.019509573443191628-0.2584974170291755j),0.0012547450124775089,(-0.0013255164027556436-0.0020012470195776566j)
1.52,(0.018124676706388468-0.26007505405795j),(0.013116420245819351-0.25673133012265686j),0.0011842246306967156,(0.005008256460569117-0.0033437239352931414j)
1.5225,(0.018065586291499583-0.259652812780967j),(0.014910094987758075-0.2561652142915868j),0.0009605149125337347,(0.0031554913037415075-0.003487598489380239j)
1.5250000000000001,(0.018006783914537798-0.2592319336281162j),(0.018488373601483993-0.25693266269519394j),0.0011801888917791483,(-0.0004815896869461954-0.0022992709329222594j)
1.5275,(0.01794826770948078-0.2588124100517242j),(0.014377888406326143-0.25202079525621024j),0.001176743284939779,(0.003570379303154637-0.006791614795513934j)
1.53,(0.017890035825368453-0.2583942355458006j),(0.014332341451228293-0.2566807081753335j),0.0011411742358680842,(0.00355769437414016-0.001713527370467094j)
1.5325,(0.017832086426157513-0.257977403645708j),(0.01924118454927652-0.25121923237603927j),0.0009030555771076982,(-0.001409098123119009-0.006758171269668711j)
1.5350000000000001,(0.017774417690577596-0.25756190792783606j),(0.015523645209321963-0.2506221522737881j),0.0011100727270272656,(0.0022507724812556324-0.006939755654047974j)
1.5375,(0.017717027811989687-0.25714774200927826j),(0.017030855480220226-0.2535309350807815j),0.001168764551646122,(0.0006861723317694614-0.003616806928496752j)
1.54,(0.01765991499824421-0.25673489954751133j),(0.019514030251352014-0.2502560856271382j),0.000990928564653593,(-0.0018541152531078055-0.006478813920373139j)
1.5425,(0.01760307747154357-0.25632337424007845j),(0.019782393453119884-0.2553824400791982j),0.0012751300524628379,(-0.0021793159815763144-0.0009409341608802579j)
1.545,(0.017546513468303514-0.25591315982427504j),(0.016454946702742373-0.2510463444037067j),0.001041590827009621,(0.001091566765561141-0.004866815420568327j)
1.5475,(0.01749022123901788-0.2555042500768374j),(0.01618771810845767-0.2514441712467896j),0.0010569468153302586,(0.0013025031305602085-0.004060078830047831j)
1.55,(0.017434199048123496-0.2550966388136342j),(0.014829456658292344-0.2432452929036225j),0.000938011008753763,(0.002604742389831152-0.01185134591001169j)
1.5525,(0.017378445173868346-0.25469031988936125j),(0.019254731232932774-0.2514489613475584j),0.0010813604535592515,(-0.0018762860590644283-0.0032413585418028523j)
1.555,(0.01732295790817877-0.2542852871972383j),(0.017990212538098734-0.25017886698978203j),0.0011082094723387512,(-0.0006672546299199625-0.004106420207456274j)
1.5575,(0.01726773555653066-0.2538815346687103j),(0.02126312467646774-0.2470138119871899j),0.0010532656520811988,(-0.00399538911993708-0.006867722681520361j)
1.56,(0.01721277643781995-0.2534790562731489j),(0.021677889795585333-0.2483964698851511j),0.0012576221190595594,(-0.004465113357765383-0.005082586387997773j)
1.5625,(0.01715807888423599-0.2530778460175594j),(0.012826499924668285-0.2474581055595035j),0.0012062494357082528,(0.004331578959567706-0.005619740458055883j)
1.565,(0.017103641241136117-0.25267789794628825j),(0.01964542031153925-0.24690238481799578j),0.0011524512574194532,(-0.002541779070403132-0.00577551312829247j)
1.5675000000000001,(0.01704946186692016-0.25227920614073474j),(0.017619982516592487-0.24707120834070256j),0.0012885010510248868,(-0.0005705206496723278-0.005207997800032171j)
1.57,(0.016995539132908903-0.2518817647190645j),(0.017488220732556542-0.24510946288568758j),0.0010564093675280804,(-0.0004926815996476389-0.006772301833376904j)
1.5725,(0.016941871423221042-0.25148556783592585j),(0.013086580144215907-0.24961374142115014j),0.0011073631232824631,(0.0038552912790051352-0.0018718264147757069j)
1.575,(0.016888457134653916-0.25109060968216873j),(0.014166069973597378-0.2455101212636799j),0.0009200329003846726,(0.0027223871610565376-0.0055804884184888215j)
1.5775000000000001,(0.0168352946765641-0.25069688448456695j),(0.014287292894304986-0.2479322170790395j),0.0012939892768291763,(0.0025480017822591145-0.0027646674055274434j)
1.58,(0.016782382470749355-0.2503043865055415j),(0.013825720553320967-0.2443748449077294j),0.00145018174465641,(0.002956661917428388-0.005929541597812088j)
1.5825,(0.016729718951333045-0.24991311004288735j),(0.022452285704333153-0.24320655947625594j),0.0011790273246064036,(-0.0057225667530001086-0.006706550566631414j)
1.585,(0.01667730256464828-0.2495230494295032j),(0.013969168794759344-0.24571508052490657j),0.000929160115655708,(0.002708133769888937-0.0038079689045966425j)
1.5875000000000001,(0.016625131769124314-0.2491341990331225j),(0.01517515610773906-0.24121296694962902j),0.0011657201939613026,(0.0014499756613852548-0.00792123208349349j)
1.59,(0.016573205035173778-0.2487465532560478j),(0.016603257798381475-0.23756401603409277j),0.0009704808240066711,(-3.005276320769759e-05-0.01118253722195503j)
1.5925,(0.01652152084508124-0.24836010653488697j),(0.01630434736135136-0.24378614516405947j),0.0011024440456196998,(0.00021717348372988013-0.004573961370827495j)
1.595,(0.016470077692893183-0.24797485334029254j),(0.01441104566925045-0.24196104915850503j),0.0013520299204308347,(0.002059032023642734-0.006013804181787513j)
1.5975000000000001,(0.01641887408430853-0.2475907881767027j),(0.01861553233678798-0.24218435993233242j),0.0011879037207149562,(-0.002196658252479451-0.005406428244370265j)
1.6,(0.0163679085365713-0.24720790558208472j),(0.016186696698652418-0.23969995010968256j),0.0010242819686563465,(0.00018121183791888068-0.007507955472402156j)
1.6025,(0.016317179578363348-0.24682620012768136j),(0.01105682026075826-0.24080707755666672j),0.0012482396428551605,(0.005260359317605087-0.00601912257101464j)
1.605,(0.01626668574969939-0.2464456664177586j),(0.017384955915266957-0.24225081154741715j),0.0010548355275251636,(-0.0011182701655675677-0.004194854870341463j)
1.6075,(0.016216425601821863-0.24606629908935634j),(0.01321694937493805-0.24030703690738j),0.0009697025465350884,(0.002999476226883813-0.005759262181976338j)
1.61,(0.01616639769709839-0.2456880928120413j),(0.014789032517669769-0.24097563495142704j),0.0012370152255306494,(0.0013773651794286197-0.00471245786061425j)
1.6125,(0.016116600608919035-0.24531104228766168j),(0.017468510074550494-0.23851560488729445j),0.001103164732507402,(-0.0013519094656314588-0.006795437400367227j)
1.615,(0.016067032921595312-0.24493514225010424j),(0.01585435364681836-0.23836644487157407j),0.0011003482655871219,(0.00021267927477695153-0.006568697378530164j)
1.6175,(0.01601769323026031-0.24456038746505435j),(0.01851787838974412-0.23952896899343665j),0.0012050913940395527,(-0.00250018515948381-0.005031418471617699j)
1.62,(0.01596858014076956-0.24418677272975656j),(0.01431414916762327-0.23730038872343906j),0.000955817016730233,(0.0016544309731462894-0.0068863840063174975j)
1.6225,(0.0159196922696032-0.24381429287277878j),(0.015673773735006714-0.23521153281053j),0.0010542508438772002,(0.00024591853459648635-0.008602760062248777j)
1.625,(0.01587102824376893-0.2434429427537781j),(0.01500568883329434-0.2355700029013097j),0.0011215988116379623,(0.0008653394104745915-0.007872939852468397j)
1.6275,(0.01582258670070667-0.24307271726326785j),(0.014078154553124111-0.24149525496628688j),0.0010681985534840026,(0.001744432147582558-0.0015774622969809693j)
1.6300000000000001,(0.01577436628819286-0.24270361132238877j),(0.014906095881580872-0.2392042006908228j),0.001006728477442443,(0.000868270406611988-0.0034994106315659745j)
1.6325,(0.01572636566424751-0.24233561988267965j),(0.015517013945842371-0.23769912046180625j),0.0008090967888303673,(0.00020935171840513918-0.004636499420873408j)
1.635,(0.01567858349704085-0.24196873792585216j),(0.018000614074949076-0.23674024302475122j),0.000890776212029654,(-0.0023220305779082274-0.005228494901100944j)
1.6375,(0.015631018464801732-0.24160296046356652j),(0.017070690317753483-0.23261448209457833j),0.001250477569329934,(-0.001439671852951751-0.008988478368988195j)
1.6400000000000001,(0.01558366925572648-0.24123828253720928j),(0.01596527834580985-0.23514073668712981j),0.0011724793274233798,(-0.00038160909008336935-0.006097545850079461j)
1.6425,(0.015536534567889027-0.24087469921767374j),(0.015068681831400262-0.23663770436674303j),0.0011093367079833675,(0.0004678527364887653-0.004236994850930709j)
1.645,(0.015489613109152253-0.24051220560514114j),(0.013854894756429832-0.234445102774088j),0.0010553503324580806,(0.001634718352722421-0.006067102831053134j)
1.6475,(0.015442903597079376-0.24015079682886492j),(0.013381493315693176-0.23413983583119108j),0.0009914054907918992,(0.0020614102813862004-0.006010960997673842j)
1.6500000000000001,(0.015396404758847114-0.23979046804695647j),(0.014148813996436563-0.23616598082201845j),0.000976896426909153,(0.0012475907624105512-0.0036244872249380222j)
1.6525,(0.015350115331159703-0.23943121444617235j),(0.017015533894345618-0.2317496891472417j),0.0013029847716699247,(-0.0016654185631859147-0.007681525298930653j)
1.655,(0.015304034060163016-0.23907303124170368j),(0.012373695675102268-0.2352485611672603j),0.0010767858305684415,(0.0029303383850607483-0.0038244700744433646j)
1.6575,(0.015258159701360576-0.238715913676968j),(0.015062919663141654-0.23033387696338206j),0.0010611745103655135,(0.00019524003821892212-0.00838203671358595j)
1.6600000000000001,(0.015212491019529477-0.23835985702340182j),(0.01471535450113678-0.23263788902814395j),0.0010929655849128438,(0.0004971365183926973-0.005721967995257871j)
1.6625,(0.015167026788638686-0.2380048565802556j),(0.017579889896850165-0.23180405059926268j),0.0011534404028990652,(-0.002412863108211479-0.0062008059809929295j)
1.665,(0.015121765791766101-0.23765090767439082j),(0.016598872049724524-0.23262019611520443j),0.0011222299085064458,(-0.0014771062579584226-0.005030711559186385j)
1.6675,(0.015076706821017943-0.23729800566007794j),(0.017451056040749705-0.23138621871157022j),0.001092283838231139,(-0.002374349219731762-0.005911786948507719j)
1.67,(0.015031848677448964-0.23694614591879712j),(0.009621102371860488-0.23291358860665118j),0.0011061124076493026,(0.005410746305588476-0.00403255731214594j)
1.6725,(0.014987190170982632-0.23659532385903975j),(0.010302492092658641-0.23102311368785378j),0.0010746341116288274,(0.004684698078323991-0.005572210171185976j)
1.675,(0.014942730120333125-0.23624553491611258j),(0.015369303495412686-0.2329428634428823j),0.0010755787801904509,(-0.0004265733750795607-0.0033026714732302953j)
1.6775,(0.014898467352927049-0.23589677455194286j),(0.017063256152209574-0.22749440039770846j),0.0009943674820590003,(-0.0021647887992825247-0.008402374154234393j)
1.68,(0.014854400704826862-0.23554903825488524j),(0.013381891939874685-0.23089135102860742j),0.0010406630390407349,(0.001472508764952177-0.0046576872262778235j)
1.6825,(0.014810529020655019-0.23520232153953088j),(0.017044193575446807-0.22888730209229258j),0.001068810124208641,(-0.0022336645547917887-0.006315019447238307j)
1.685,(0.014766851153518157-0.2348566199465177j),(0.014804159970659297-0.227663093030525j),0.001033146568733577,(-3.730881714113926e-05-0.007193526915992676j)
1.6875,(0.014723365964932764-0.23451192904234217j),(0.017666890217315115-0.23266240910521402j),0.0011255563081934588,(-0.0029435242523823506-0.0018495199371281468j)
1.69,(0.014680072324751369-0.23416824441917353j),(0.015620770743550394-0.22575501619675678j),0.0013480033668087448,(-0.0009406984187990252-0.008413228222416747j)
1.6925000000000001,(0.014636969111089623-0.2338255616946683j),(0.01394996466134688-0.22854144738163495j),0.001257005968928539,(0.0006870044497427428-0.005284114313033356j)
1.695,(0.014594055210253741-0.23348387651178779j),(0.01169072251696937-0.2274478998609579j),0.001275084218644743,(0.0029033326932843707-0.0060359766508298884j)
1.6975,(0.01455132951666929-0.23314318453861588j),(0.014826058324914196-0.22515320480508105j),0.0008275507101605627,(-0.00027472880824490516-0.007989979733534824j)
1.7,(0.01450879093280989-0.23280348146817967j),(0.013485818841157054-0.2264365791097358j),0.0013548683529040454,(0.0010229720916528368-0.0063669023584438655j)
1.7025000000000001,(0.014466438369127593-0.23246476301827046j),(0.013656017538903373-0.22796589991652405j),0.001278171358562403,(0.0008104208302242202-0.004498863101746409j)
1.705,(0.014424270743983088-0.23212702493126666j),(0.012544181306685082-0.228388395387091j),0.00091535285070719,(0.0018800894372980066-0.00373862954417567j)
1.7075,(0.014382286983577349-0.23179026297395905j),(0.017694993699536882-0.2251113942089878j),0.001167751975541713,(-0.0033127067159595333-0.0066788687649712575j)
1.71,(0.014340486021883214-0.23145447293737595j),(0.012025629328789755-0.22564950518340623j),0.0012204507218181214,(0.002314856693093458-0.005804967753969714j)
1.7125000000000001,(0.01429886680057867-0.23111965063661138j),(0.014891233938257276-0.2260259904671677j),0.001186391257336701,(-0.0005923671376786063-0.005093660169443681j)
1.715,(0.01425742826897935-0.2307857919106536j),(0.014237061008657688-0.227009231904938j),0.0010814929441520162,(2.0367260321662098e-05-0.003776560005715607j)
1.7175,(0.01421616938397338-0.23045289262221572j),(0.015299825906349231-0.22166313896242462j),0.0011523429970152173,(-0.0010836565223758515-0.008789753659791094j)
1.72,(0.014175089109955661-0.2301209486575675j),(0.01612241840339265-0.22330052673153883j),0.00100396623516666,(-0.0019473292934369876-0.006820421926028664j)
1.7225000000000001,(0.014134186418763451-0.22978995592636867j),(0.01674363961816626-0.22438420221704866j),0.001132013943570838,(-0.002609453199402808-0.005405753709320005j)
1.725,(0.01409346028961173-0.2294599103615037j),(0.010440025116552225-0.2202559153973604j),0.0012105512771817108,(0.003653435173059506-0.009203994964143314j)
1.7275,(0.014052909709030956-0.2291308079189176j),(0.016274079093140468-0.2208607417251556j),0.0011386833997884679,(-0.002221169384109512-0.008270066193761999j)
1.73,(0.014012533670803257-0.22880264457745358j),(0.010931438189385105-0.2200788264223034j),0.001223546443750516,(0.0030810954814181526-0.008723818155150193j)
1.7325,(0.013972331175900715-0.228475416338692j),(0.012737767455434142-0.22467269148018468j),0.0011445737737875755,(0.0012345637204665728-0.003802724858507328j)
1.735,(0.01393230123242436-0.2281491192267902j),(0.013214214420142423-0.22386360123434867j),0.0009873161645541158,(0.0007180868122819376-0.004285517992441534j)
1.7375,(0.013892442855542258-0.22782374928832425j),(0.008906485890859779-0.22276850409933954j),0.0011780852004245367,(0.0049859569646824795-0.005055245188984703j)
1.74,(0.013852755067430554-0.22749930259213189j),(0.017071079314880225-0.22325634618478687j),0.0012484644331445477,(-0.0032183242474496717-0.004242956407345011j)
1.7425,(0.013813236897212412-0.2271757752291564j),(0.011024153895226405-0.22060699514672175j),0.0009377713601316957,(0.0027890830019860063-0.0065687800824346665j)
1.745,(0.013773887380900053-0.22685316331229227j),(0.013815469541346648-0.2222310083345089j),0.0011077806317594259,(-4.158216044659532e-05-0.0046221549777833715j)
1.7475,(0.013734705561335634-0.22653146297623214j),(0.012460765600508463-0.22220170261343858j),0.0010770590033744789,(0.0012739399608271713-0.004329760362793561j)
1.75,(0.013695690488133492-0.22621067037731407j),(0.011782287946586138-0.22025086584852824j),0.0013037617141529022,(0.0019134025415473536-0.005959804528785834j)
1.7525,(0.013656841217622909-0.22589078169337193j),(0.013974130520476597-0.21907410152432294j),0.0011772495683409654,(-0.0003172893028536884-0.006816680169048989j)
1.7550000000000001,(0.013618156812791195-0.22557179312358508j),(0.011835144269301346-0.2249326419217001j),0.0012308449027464438,(0.001783012543489849-0.0006391512018849854j)
1.7575,(0.013579636343227652-0.22525370088833044j),(0.012853880236034385-0.21752979818423832j),0.0011225162795530312,(0.0007257561071932674-0.007723902704092123j)
1.76,(0.013541278885067528-0.2249365012290357j),(0.011674660731460456-0.221867502562779j),0.0010570652685883356,(0.001866618153607072-0.003068998666256678j)
1.7625,(0.013503083520937178-0.22462019040803308j),(0.012855765413052332-0.21788529768378795j),0.0010566644936460744,(0.000647318107884846-0.006734892724245128j)
1.7650000000000001,(0.013465049339899617-0.22430476470841534j),(0.011757674994336402-0.21854145081024087j),0.0010753655409349778,(0.0017073743455632145-0.005763313898174471j)
1.7675,(0.013427175437400057-0.22399022043389202j),(0.009806672909983839-0.21718912022996503j),0.0011432455176802296,(0.0036205025274162177-0.006801100203926991j)
1.77,(0.013389460915212785-0.2236765539086472j),(0.011691809020616306-0.22054674306373334j),0.0010666514383331307,(0.0016976518945964782-0.0031298108449138717j)
1.7725,(0.013351904881387888-0.2233637614771988j),(0.011562219230807995-0.21987467791563814j),0.0011992653031358763,(0.001789685650579893-0.003489083561560663j)
1.7750000000000001,(0.013314506450198873-0.22305183950425858j),(0.015298440034592414-0.2194725756430501j),0.0011855615420209465,(-0.0019839335843935407-0.0035792638612084926j)
1.7775,(0.013277264742090822-0.22274078437459324j),(0.01523835226589832-0.21962979377690492j),0.0011184485473320857,(-0.0019610875238074976-0.0031109905976883234j)
1.78,(0.013240178883628618-0.22243059249288719j),(0.01089512094570037-0.21273530420643158j),0.001179281078631282,(0.0023450579379282483-0.009695288286455606j)
1.7825,(0.013203248007446215-0.22212126028360565j),(0.013610239613995495-0.2211263955363019j),0.001156168654944223,(-0.0004069916065492802-0.0009948647473037586j)
1.7850000000000001,(0.013166471252196237-0.22181278419085987j),(0.013372515985822592-0.2188860947156345j),0.0011474060895031795,(-0.00020604473362635482-0.002926689475225369j)
1.7875,(0.013129847762499662-0.22150516067827247j),(0.014395066723404166-0.21782112502386095j),0.0010850317490500435,(-0.0012652189609045038-0.003684035654411527j)
1.79,(0.013093376688896678-0.2211983862288444j),(0.012710824799941274-0.2164261739054114j),0.0010801061483447386,(0.00038255188895540415-0.0047722123234330005j)
1.7925,(0.013057057187797304-0.22089245734482307j),(0.008318634600946957-0.21263906809076377j),0.0009816704253903517,(0.004738422586850347-0.008253389254059301j)
1.795,(0.013020888421433301-0.22058737054757097j),(0.009552251617060685-0.21809778909289004j),0.001204786432165595,(0.003468636804372616-0.0024895814546809225j)
1.7975,(0.012984869557809567-0.22028312237743655j),(0.016020062496391513-0.21326396124189145j),0.0012231876713159747,(-0.0030351929385819456-0.007019161135545099j)
1.8,(0.012948999770657044-0.21997970939362427j),(0.012027279507057748-0.2099910373564262j),0.0012527880326066452,(0.000921720263599296-0.009988672037198054j)
1.8025,(0.012913278239384887-0.21967712817406782j),(0.010713236392968435-0.21043627920283325j),0.0012661237850628022,(0.0022000418464164524-0.009240848971234561j)
1.805,(0.012877704149034632-0.2193753753153024j),(0.012447816969396357-0.21501889470614788j),0.0011514372929819045,(0.00042988717963827507-0.004356480609154528j)
1.8075,(0.012842276690232895-0.21907444743234003j),(0.009173736609963807-0.2153809842071744j),0.0010496185524267872,(0.003668540080269088-0.003693463225165644j)
1.81,(0.012806995059146589-0.21877434115854377j),(0.012720305937589058-0.21409523564259642j),0.0012579264884934717,(8.668912155753057e-05-0.004679105515947357j)
1.8125,(0.012771858457436698-0.2184750531455046j),(0.017965860991975134-0.20970776918667686j),0.0011229186550213031,(-0.005194002534538436-0.008767283958827754j)
1.815,(0.012736866092213903-0.21817658006291873j),(0.0171242638519694-0.21070782099289928j),0.0011138506934442764,(-0.004387397759755496-0.007468759070019454j)
1.8175000000000001,(0.012702017175993606-0.21787891859846514j),(0.013986181280901532-0.20846775862219077j),0.0010153498159368474,(-0.0012841641049079252-0.00941115997627437j)
1.82,(0.0126673109266521-0.21758206545768588j),(0.009679426750631085-0.2084941029639978j),0.0010387026209152034,(0.002987884176021015-0.009087962493688068j)
1.8225,(0.012632746567382933-0.21728601736386544j),(0.011849874844773877-0.2145255244749858j),0.00114663957904483,(0.0007828717226090551-0.00276049288887964j)
1.825,(0.01259832332665335-0.21699077105791179j),(0.011800232724255904-0.21315046584393144j),0.0013171532751005846,(0.0007980906023974457-0.0038403052139803495j)
1.8275000000000001,(0.0125640404381618-0.21669632329823957j),(0.015162268164351057-0.21072810897835237j),0.0010486454983063076,(-0.002598227726189256-0.0059682143198871995j)
1.83,(0.012529897140795339-0.21640267086065187j),(0.012665621525547805-0.21241699746758572j),0.0010580633518626331,(-0.00013572438475246626-0.003985673393066158j)
1.8325,(0.01249589267858729-0.21610981053822503j),(0.009835015897122911-0.2098713963444486j),0.0011331439801796413,(0.002660876781464379-0.006238414193776437j)
1.835,(0.012462026300675978-0.2158177391411932j),(0.011541977982684361-0.2088091899079801j),0.001338506641761429,(0.0009200483179916171-0.007008549233213118j)
1.8375000000000001,(0.01242829726126323-0.21552645349683403j),(0.011047694012217136-0.20818391657899427j),0.0010896219952534125,(0.0013806032490460939-0.007342536917839759j)
1.84,(0.012394704819573868-0.21523595044935587j),(0.01434374195893229-0.20543271031558039j),0.0010672079056685394,(-0.0019490371393584213-0.009803240133775482j)
1.8425,(0.012361248239814543-0.21494622685978507j),(0.013352469435119712-0.20846903830651276j),0.0012573020126334232,(-0.0009912211953051683-0.006477188553272312j)
1.845,(0.012327926791134263-0.21465727960585423j),(0.01258142919053551-0.20825083171749192j),0.001239152213983165,(-0.0002535023994012474-0.00640644788836231j)
1.8475000000000001,(0.012294739747584358-0.21436910558189226j),(0.014108265211710345-0.20825931687225896j),0.0011356680757797694,(-0.0018135254641259875-0.0061097887096333015j)
1.85,(0.012261686388079108-0.2140817016987142j),(0.010931969100154895-0.20436838324837284j),0.001036841016166959,(0.0013297172879242133-0.009713318450341374j)
1.8525,(0.01222876599635708-0.2137950648835124j),(0.010036430490063242-0.2074268745054812j),0.0010289977184639177,(0.002192335506293837-0.006368190378031213j)
1.855,(0.01219597786094179-0.2135091920797486j),(0.01161198838762769-0.2062889434431511j),0.0009616392550734033,(0.0005839894733140998-0.007220248636597509j)
1.8575,(0.01216332127510403-0.21322408024704653j),(0.012425021032681909-0.20744418063169753j),0.0012764827957055655,(-0.00026169975757787955-0.005779899615348999j)
1.86,(0.012130795536824205-0.2129397263610863j),(0.011921329395395601-0.2037607608405637j),0.001158184251675369,(0.00020946614142860337-0.009178965520522608j)
1.8625,(0.012098399948753582-0.21265612741349801j),(0.016087932969578785-0.20782626740964266j),0.0009192321055266822,(-0.003989533020825203-0.004829860003855352j)
1.865,(0.012066133818178452-0.2123732804117576j),(0.011681185580806924-0.20770934920355077j),0.001388873954941397,(0.0003849482373715282-0.004663931208206823j)
1.8675,(0.012033996456982502-0.2120911823790832j),(0.010628817037176368-0.20438513422600835j),0.00139119051801643,(0.0014051794198061338-0.0077060481530748515j)
1.87,(0.012001987181610179-0.21180983035433154j),(0.00981670512765174-0.2031693760097756j),0.0012617773699740474,(0.0021852820539584386-0.008640454344555931j)
1.8725,(0.011970105313031219-0.21152922139189623j),(0.009582866233857732-0.20385747947634425j),0.000991909502280369,(0.0023872390791734865-0.007671741915551977j)
1.875,(0.011938350176703756-0.21124935256160604j),(0.015565197613378656-0.20474244707917705j),0.00110400257267194,(-0.0036268474366749-0.006506905482428993j)
1.8775,(0.011906721102540038-0.21097022094862472j),(0.012807462172469615-0.2033695603422949j),0.0011396756412323896,(-0.0009007410699295778-0.007600660606329829j)
1.8800000000000001,(0.011875217424870011-0.21069182365335046j),(0.008531853971248459-0.2061443679430076j),0.0012723439332847145,(0.003343363453621552-0.004547455710342846j)
1.8825,(0.011843838482407146-0.21041415779131756j),(0.012130073352578959-0.2045340555254545j),0.000826595204706329,(-0.00028623487017181287-0.005880102265863052j)
1.885,(0.011812583618213865-0.21013722049309758j),(0.015551625990434548-0.20179834250404802j),0.001116784671283837,(-0.003739042372220683-0.008338877989049559j)
1.8875,(0.011781452179667022-0.20986100890420203j),(0.011264717717863908-0.20271314785127875j),0.0011414345122153188,(0.0005167344618031144-0.007147861052923282j)
1.8900000000000001,(0.011750443518424195-0.20958552018498566j),(0.009156148395323638-0.2041612797892544j),0.0011298780079875839,(0.0025942951231005575-0.00542424039573125j)
1.8925,(0.011719556990389958-0.20931075151055045j),(0.013316964399114554-0.1997819410795814j),0.001021095451008426,(-0.0015974074087245962-0.009528810430969065j)
1.895,(0.011688791955682664-0.20903670007065012j),(0.011992587722747567-0.20253951221429678j),0.0011531862222289558,(-0.0003037957670649037-0.006497187856353337j)
1.8975,(0.011658147778601408-0.2087633630695956j),(0.01207989705537804-0.20275903896116446j),0.0011477726156977665,(-0.0004217492767766319-0.0060043241084311305j)
1.9000000000000001,(0.011627623827593338-0.20849073772616133j),(0.014156933459091515-0.20650189675224706j),0.0010840120592776423,(-0.002529309631498177-0.0019888409739142743j)
1.9025,(0.01159721947522103-0.2082188212734924j),(0.007689111934424377-0.19938895554055713j),0.0011795403307816555,(0.003908107540796653-0.00882986573293526j)
1.905,(0.011566934098130898-0.20794761095901154j),(0.01823406952580348-0.20450528573552063j),0.0011473823358118947,(-0.006667135427672581-0.0034423252234909163j)
1.9075,(0.01153676707702081-0.207677104044328j),(0.014666517914964226-0.20214716213931597j),0.0010562441061455078,(-0.0031297508379434166-0.00552994190501202j)
1.9100000000000001,(0.011506717796608928-0.20740729780514638j),(0.01235855702349553-0.20143122506650823j),0.0008408775333929617,(-0.0008518392268866016-0.00597607273863815j)
1.9125,(0.011476785645602334-0.20713818953117624j),(0.0085333590229655-0.19666219549182878j),0.001252006253259417,(0.0029434266226368334-0.010475994039347458j)
1.915,(0.011446970016665963-0.20686977652604271j),(0.012773474181567058-0.1969217869546473j),0.0010834653790593792,(-0.0013265041649010954-0.009947989571395421j)
1.9175,(0.011417270306392224-0.20660205610719753j),(0.01331217360600343-0.19930278764173134j),0.00113789609876688,(-0.0018949032996112055-0.007299268465466191j)
1.92,(0.011387685915270293-0.20633502560583072j),(0.010049064664004365-0.2007648278877083j),0.0012608798552283338,(0.0013386212512659281-0.005570197718122422j)
1.9225,(0.011358216247656127-0.20606868236678316j),(0.009867212549391581-0.19561197103792896j),0.0010438607362864628,(0.0014910036982645463-0.010456711328854201j)
1.925,(0.011328860711742736-0.20580302374845966j),(0.014494117880898494-0.19655901336174908j),0.0010040106902629168,(-0.0031652571691557583-0.009244010386710577j)
1.9275,(0.011299618719530016-0.2055380471227429j),(0.008590463737505672-0.20010324239273847j),0.0010542426485943412,(0.002709154982024344-0.005434804730004433j)
1.93,(0.011270489686796366-0.2052737498749073j),(0.008958386955774347-0.2017891540387894j),0.0010312980711378761,(0.002312102731022019-0.003484595836117904j)
1.9325,(0.011241473033068605-0.20501012940353502j),(0.01267005196343453-0.2001613120354359j),0.0011089756875296106,(-0.0014285789303659247-0.004848817368099112j)
1.935,(0.011212568181594194-0.20474718312043075j),(0.011285417288853926-0.19803901158966966j),0.001161918545693636,(-7.284910725973218e-05-0.006708171530761087j)
1.9375,(0.01118377455931168-0.2044849084505387j),(0.012437245072187623-0.19913158280858592j),0.0010301076698034884,(-0.0012534705128759427-0.005353325641952789j)
1.94,(0.011155091596823166-0.20422330283185938j),(0.008894471691209995-0.19305788502807145j),0.0012541175255788958,(0.0022606199056131714-0.011165417803787936j)
1.9425000000000001,(0.011126518728365916-0.20396236371536708j),(0.01380012990269655-0.19472078841812474j),0.0010803214689810716,(-0.0026736111743306343-0.009241575297242344j)
1.945,(0.011098055391784833-0.20370208856492847j),(0.011227289058608368-0.19889110607303573j),0.0009458235860725779,(-0.00012923366682353506-0.00481098249189274j)
1.9475,(0.011069701028504391-0.20344247485722106j),(0.011946419435025668-0.1923454326745874j),0.0010185427607963806,(-0.000876718406521277-0.01109704218263366j)
1.95,(0.011041455083501977-0.2031835200816529j),(0.011567440769986493-0.19827121363346067j),0.0011329011841650395,(-0.0005259856864845164-0.0049123064481922385j)
1.9525000000000001,(0.0110133170052804-0.20292522174028277j),(0.009644736162729843-0.20137690026280208j),0.0011054665265649035,(0.0013685808425505566-0.0015483214774806853j)
1.955,(0.010985286245841474-0.20266757734774027j),(0.00863275124309087-0.1969304947713744j),0.000972993271614275,(0.0023525350027506046-0.005737082576365876j)
1.9575,(0.010957362260658703-0.20241058443114804j),(0.016724907655735533-0.1965719042241654j),0.0010393728967027494,(-0.0057675453950768295-0.005838680206982638j)
1.96,(0.010929544508651922-0.2021542405300425j),(0.01243816748296255-0.19553571330597153j),0.0013336711889693944,(-0.001508622974310628-0.006618527224070969j)
1.9625000000000001,(0.010901832452160561-0.20189854319629735j),(0.00916625387713958-0.19424138083325518j),0.0011749392593757937,(0.0017355785750209803-0.007657162363042175j)
1.965,(0.01087422555691776-0.20164348999404585j),(0.01002575288345379-0.19574263512504786j),0.0010465387770643118,(0.0008484726734639698-0.005900854868997996j)
1.9675,(0.010846723292024981-0.20138907849960472j),(0.008187524102750438-0.19214618198649164j),0.001060135132205117,(0.002659199189274543-0.00924289651311308j)
1.97,(0.010819325129926448-0.201135306301398j),(0.013530586955078456-0.19516656381870554j),0.0012670559595111233,(-0.0027112618251520088-0.005968742482692468j)
1.9725000000000001,(0.010792030546384047-0.20088217099988245j),(0.013548289912909673-0.19703712782281546j),0.0012024702137750773,(-0.0027562593665256263-0.0038450431770669924j)
1.975,(0.010764839020452058-0.2006296702074721j),(0.007376376642896951-0.1928740444319117j),0.0013023463509665135,(0.003388462377555107-0.00775562577556041j)
1.9775,(0.01073775003445282-0.20037780154846435j),(0.007680144936731811-0.19286842669176005j),0.0012472337348081646,(0.003057605097721009-0.007509374856704304j)
1.98,(0.010710763073951902-0.20012656265896658j),(0.012050749897705998-0.19486141017349112j),0.001393895296184165,(-0.0013399868237540958-0.0052651524854754606j)
1.9825000000000002,(0.01068387762773373-0.19987595118682272j),(0.010280825463503179-0.19674196882313047j),0.0011522525768852372,(0.00040305216423055026-0.0031339823636922504j)
1.985,(0.010657093187777687-0.1996259647915411j),(0.00837996042044548-0.191106709035868j),0.0011081414220376353,(0.0022771327673322076-0.00851925575567311j)
1.9875,(0.010630409249234203-0.1993766011442218j),(0.009257443078381973-0.19254107478325366j),0.0012855728460222202,(0.0013729661708522297-0.006835526360968125j)
1.99,(0.0106038253104007-0.1991278579274862j),(0.01239657429885851-0.19024113763588996j),0.0009585581341459672,(-0.001792748988457809-0.008886720291596234j)
1.9925,(0.010577340872698494-0.19887973283540508j),(0.010277022317752694-0.19286288627407527j),0.0010804291838886232,(0.0003003185549458002-0.006016846561329808j)
1.995,(0.010550955440649308-0.19863222357342872j),(0.009618779923341536-0.19570570215988622j),0.0012392825093524595,(0.0009321755173077716-0.0029265214135424933j)
1.9975,(0.010524668521852435-0.19838532785831703j),(0.014368981017246003-0.19025074271694975j),0.0011868097682108962,(-0.003844312495393567-0.008134585141367279j)
2.0,(0.01049847962696142-0.1981390434180698j),(0.006986622546634343-0.19403183553006476j),0.0013710571891315429,(0.0035118570803270768-0.004107207888005032j)
2.0025,(0.010472388269661743-0.1978933679918581j),(0.012275725979350423-0.19121723458595333j),0.0011000769552245249,(-0.0018033377096886797-0.006676133405904783j)
2.005,(0.010446393966648091-0.19764829932995606j),(0.013353790586860948-0.19010857890053093j),0.0011270937536848721,(-0.0029073966202128564-0.007539720429425134j)
2.0075,(0.010420496237602259-0.1974038351936725j),(0.013584808820382207-0.19259587171089876j),0.0010584500392948819,(-0.0031643125827799483-0.004807963482773736j)
2.0100000000000002,(0.010394694605171019-0.19715997335528415j),(0.008746658129160697-0.19288874933630504j),0.0013218248475575416,(0.0016480364760103217-0.004271224018979114j)
2.0125,(0.010368988594943826-0.19691671159796809j),(0.011220976904396177-0.19160438782906208j),0.0011168477996286936,(-0.0008519883094523506-0.005312323768906002j)
2.015,(0.010343377735431864-0.1966740477157363j),(0.008789467991399638-0.18740782482836554j),0.001035464941321256,(0.0015539097440322256-0.00926622288737075j)
2.0175,(0.01031786155804573-0.19643197951336858j),(0.01045329371942368-0.18525982068141642j),0.0010965428663716862,(-0.00013543216137794876-0.011172158831952161j)
2.02,(0.010292439597074427-0.19619050480634811j),(0.012090165893494993-0.1898752311216075j),0.0010159381959009273,(-0.0017977262964205664-0.006315273684740608j)
2.0225,(0.010267111389664242-0.19594962142079586j),(0.01062071621700282-0.18741174805901573j),0.0010889405700458491,(-0.0003536048273385783-0.008537873361780135j)
2.025,(0.010241876475797685-0.19570932719340658j),(0.010840312732007414-0.19111024875731863j),0.0009663350028711332,(-0.0005984362562097296-0.00459907843608795j)
2.0275,(0.010216734398272606-0.19546961997138435j),(0.01137661061430919-0.18837603871376923j),0.000985614091095834,(-0.0011598762160365851-0.007093581257615111j)
2.0300000000000002,(0.010191684702681647-0.1952304976123794j),(0.006437507009879959-0.18992062532165527j),0.0010026420669626943,(0.0037541776928016876-0.0053098722907241325j)
2.0325,(0.010166726937391747-0.1949919579844246j),(0.010648676609888993-0.19261070986813042j),0.0012443227390343196,(-0.000481949672497246-0.002381248116294171j)
2.035,(0.010141860653523937-0.19475399896587323j),(0.010026153967134552-0.189295230609017j),0.0010546196080022153,(0.00011570668638938471-0.005458768356856214j)
2.0375,(0.010117085404933163-0.1945166184453365j),(0.00654636598517997-0.18700889511580787j),0.0010849628294775575,(0.003570719419753193-0.0075077233295286205j)
2.04,(0.010092400748188254-0.19427981432162186j),(0.011233962546425528-0.18644041971502762j),0.0010321693987032333,(-0.0011415617982372742-0.007839394606594247j)
2.0425,(0.010067806242552326-0.19404358450367198j),(0.011749912265395736-0.19008264256761923j),0.0010897867981511389,(-0.0016821060228434104-0.003960941936052759j)
2.045,(0.010043301449963122-0.19380792691050355j),(0.004754528070166207-0.18889636269620333j),0.0011003413858869987,(0.0052887733797969145-0.004911564214300224j)
2.0475,(0.010018885935013667-0.19357283947114678j),(0.011179791375056662-0.18711547827475858j),0.0009602442472945272,(-0.0011609054400429954-0.006457361196388206j)
2.05,(0.009994559264932546-0.19333832012458585j),(0.010474554076409615-0.18821379758375006j),0.001113092681152895,(-0.0004799948114770688-0.005124522540835785j)
2.0525,(0.009970321009565521-0.19310436681969903j),(0.008649099494591077-0.18469842945434312j),0.0010027154632129027,(0.0013212215149744442-0.008405937365355914j)
2.055,(0.009946170741355974-0.1928709775151996j),(0.008597627223620754-0.18611272512065172j),0.001179181484699938,(0.00134854351773522-0.006758252394547887j)
2.0575,(0.009922108035326435-0.1926381501795772j),(0.010952781765935837-0.1794147966961113j),0.0012548946133698433,(-0.0010306737306094022-0.0132233534834659j)
2.06,(0.009898132469059809-0.1924058827910394j),(0.006300218454675468-0.1864050095176177j),0.0011411231446315216,(0.0035979140143843407-0.006000873273421692j)
2.0625,(0.009874243622681092-0.19217417333745418j),(0.008045399466921349-0.18756086153047855j),0.0010908786369620003,(0.0018288441557597433-0.004613311806975634j)
2.065,(0.009850441078838666-0.19194301981629178j),(0.009329815920793728-0.1874379133152556j),0.0012804711561154119,(0.0005206251580449385-0.004505106501036166j)
2.0675,(0.0098267244226867-0.19171242023456844j),(0.01381781869754003-0.18421310514110725j),0.0010737150363315047,(-0.00399109427485333-0.00749931509346119j)
2.07,(0.009803093241866663-0.19148237260878923j),(0.009141330037342738-0.1908113042531005j),0.0009674454162508833,(0.0006617632045239248-0.0006710683556887254j)
2.0725000000000002,(0.00977954712648957-0.19125287496489204j),(0.006307925133981737-0.18401459159915995j),0.0012628542518161306,(0.003471621992507833-0.0072382833657320955j)
2.075,(0.009756085669118454-0.19102392533819154j),(0.008956304778966234-0.1844352889623256j),0.0010880586997134825,(0.000799780890152221-0.0065886363758659305j)
2.0775,(0.009732708464750557-0.19079552177332373j),(0.010766221557910237-0.18689244507796723j),0.0011408881120876248,(-0.0010335130931596794-0.0039030766953565j)
2.08,(0.009709415110800217-0.1905676623241913j),(0.007708457621983335-0.18958745856799325j),0.0010779848930627183,(0.002000957488816882-0.0009802037561980614j)
2.0825,(0.009686205207081263-0.19034034505390826j),(0.013278835601693604-0.17895097142730967j),0.001064594183458582,(-0.0035926303946123405-0.011389373626598587j)
2.085,(0.009663078355789913-0.19011356803474627j),(0.003412531465996765-0.18235453024119636j),0.0010567938438419305,(0.006250546889793148-0.007759037793549917j)
2.0875,(0.009640034161488231-0.1898873293480804j),(0.010680018374812906-0.1834075184642776j),0.0011059227325413417,(-0.0010399842133246746-0.0064798108838027835j)
2.09,(0.009617072231086817-0.1896616270843355j),(0.011899242237219622-0.17866846535762648j),0.001064301075760403,(-0.0022821700061328044-0.010993161726709028j)
2.0925000000000002,(0.009594192173828084-0.1894364593429337j),(0.005432132835277255-0.18223010048471555j),0.001294357380997849,(0.004162059338550829-0.007206358858218159j)
2.095,(0.009571393601270059-0.18921182423224064j),(0.008581022628772871-0.18313692908946852j),0.001095487719532181,(0.0009903709724971878-0.006074895142772124j)
2.0975,(0.009548676127269678-0.18898771986951396j),(0.0056655017097194975-0.18290473931033283j),0.001132991120170407,(0.0038831744175501807-0.006082980559181134j)
2.1,(0.009526039367966577-0.18876414438085062j),(0.007350783322213553-0.18099566186692j),0.0010996152277246163,(0.002175256045753024-0.0077684825139306135j)
2.1025,(0.009503482941766832-0.18854109590113569j),(0.008642303403841508-0.18217198859321254j),0.0010654506602298657,(0.0008611795379253242-0.006369107307923144j)
2.105,(0.009481006469327095-0.18831857257399065j),(0.004780784150673684-0.18030737591819004j),0.0012705556062054435,(0.0047002223186534105-0.008011196655800606j)
2.1075,(0.00945860957353868-0.1880965725517228j),(0.009446220405661314-0.1813836418576972j),0.0012236630470788704,(1.2389167877366325e-05-0.006712930694025593j)
2.11,(0.009436291879511543-0.1878750939952743j),(0.00781348075135135-0.1811284297614035j),0.00112093251887463,(0.0016228111281601926-0.006746664233870797j)
2.1125,(0.009414053014559096-0.1876541350741722j),(0.002357531937132051-0.1822731319323656j),0.0010459841267792499,(0.0070565210774270444-0.0053810031418065896j)
2.115,(0.009391892608182153-0.1874336939664784j),(0.008726278024732203-0.18007309495004165j),0.0011771803770336514,(0.00066561458344995-0.007360599016436764j)
2.1175,(0.009369810292054092-0.18721376885874016j),(0.006685168696589702-0.17799568219444362j),0.0014091664946208225,(0.0026846415954643902-0.009218086664296549j)
2.12,(0.009347805700005226-0.18699435794594083j),(0.009500553910998976-0.18099697300151768j),0.0010845512499209622,(-0.00015274821099374968-0.005997384944423145j)
2.1225,(0.009325878468007837-0.18677545943145094j),(0.008111863823369252-0.17971388109489073j),0.0008491498417638174,(0.001214014644638585-0.007061578336560209j)
2.125,(0.009304028234161273-0.18655707152697973j),(0.009790773251759357-0.1756765179237944j),0.0012407073272978685,(-0.0004867450175980847-0.010880553603185322j)
2.1275,(0.009282254638676568-0.18633919245252722j),(0.010065610560971223-0.18067685874973122j),0.0009487495451706781,(-0.000783355922294655-0.0056623337027960075j)
2.13,(0.009260557323862445-0.18612182043633574j),(0.010152989595490594-0.18249874350953196j),0.0010454411540060688,(-0.0008924322716281491-0.0036230769268037755j)
2.1325,(0.009238935934110015-0.18590495371484295j),(0.005455332873460417-0.17538383805242133j),0.001235295470351934,(0.003783603060649598-0.010521115662421615j)
2.1350000000000002,(0.009217390115878583-0.18568859053263434j),(0.004633699398785363-0.17913547212125724j),0.001254770266131482,(0.00458369071709322-0.006553118411377096j)
2.1375,(0.00919591951768122-0.18547272914239668j),(0.004948182570530884-0.18175383711271884j),0.001109843591994851,(0.004247736947150336-0.003718892029677845j)
2.14,(0.009174523790070352-0.18525736780487076j),(0.007989395220250361-0.17789233682416478j),0.0010535715156740177,(0.0011851285698199904-0.007365030980705983j)
2.1425,(0.009153202585623672-0.18504250478880618j),(0.010399306554741918-0.17877736086497173j),0.001107361669647726,(-0.0012461039691182459-0.006265143923834454j)
2.145,(0.009131955558930158-0.1848281383709145j),(0.008950671129316294-0.17909039565168436j),0.0010566124746374714,(0.0001812844296138639-0.005737742719230138j)
2.1475,(0.009110782366576009-0.18461426683582402j),(0.012601083524625998-0.18061429362039558j),0.001270543423649,(-0.0034903011580499892-0.003999973215428443j)
2.15,(0.009089682667130713-0.1844008884760347j),(0.014253650496245726-0.17605723710573337j),0.0010444561158789686,(-0.005163967829115013-0.008343651370301325j)
2.1525,(0.009068656121133606-0.18418800159187268j),(0.011015373050708389-0.17818018288136098j),0.0011377986369528498,(-0.0019467169295747828-0.006007818710511703j)
2.1550000000000002,(0.009047702391080123-0.1839756044914462j),(0.01172280958532862-0.17680808333657616j),0.0010051134526869654,(-0.002675107194248497-0.0071675211548700435j)
2.1575,(0.009026821141408297-0.18376369549060056j),(0.008212575255823558-0.17345300581038825j),0.001324868741594351,(0.0008142458855847391-0.010310689680212315j)
2.16,(0.009006012038485294-0.18355227291287476j),(0.006120484155223233-0.17494692556176225j),0.0010781358446248829,(0.0028855278832620604-0.008605347351112513j)
2.1625,(0.008985274750594165-0.183341335089457j),(0.008065665821690566-0.17517123899404766j),0.0011724587294239192,(0.0009196089289035987-0.008170096095409335j)
2.165,(0.008964608947920932-0.1831308803591419j),(0.0069111884308931315-0.17484436344469922j),0.001125147409806841,(0.0020534205170278-0.008286516914442682j)
2.1675,(0.008944014302541044-0.18292090706828684j),(0.007657490781261154-0.1742844352681906j),0.000993582918034385,(0.0012865235212798903-0.008636471800096246j)
2.17,(0.008923490488406755-0.18271141357076914j),(0.005690851044191654-0.17002486081429247j),0.0009556769134838328,(0.003232639444215101-0.012686552756476677j)
2.1725,(0.008903037181334176-0.18250239822794398j),(0.00746707298026684-0.17729141943569093j),0.0010233945491174906,(0.001435964201067336-0.005210978792253046j)
2.1750000000000003,(0.008882654058990564-0.18229385940860124j),(0.009094031547285986-0.18055897971650653j),0.0010007111004733755,(-0.0002113774882954219-0.0017348796920947096j)
2.1775,(0.008862340800881411-0.18208579548892423j),(0.008981037841240467-0.17032842686827818j),0.001176583403540258,(-0.00011869704035905558-0.011757368620646053j)
2.18,(0.008842097088338255-0.1818782048524475j),(0.005385416131512721-0.17445656729720052j),0.0012052452351397583,(0.003456680956825534-0.007421637555246968j)
2.1825,(0.008821922604505908-0.18167108589001563j),(0.0049993411917450825-0.1747016012721899j),0.0011586296393732102,(0.0038225814127608258-0.006969484617825733j)
2.185,(0.008801817034330446-0.181464436999742j),(0.008179946767102477-0.17317127160435558j),0.0013240361776310993,(0.000621870267227969-0.00829316539538641j)
2.1875,(0.008781780064546411-0.18125825658696776j),(0.00975493174188806-0.17242850991749645j),0.0010138413225787173,(-0.0009731516773416483-0.008829746669471311j)
2.19,(0.008761811383665257-0.1810525430642215j),(0.010467444080858191-0.17113214895191042j),0.001147550588986302,(-0.001705632697192934-0.009920394112311076j)
2.1925,(0.008741910681962766-0.18084729485117854j),(0.005397544803784774-0.17597677737525785j),0.0011095913436069873,(0.0033443658781779923-0.004870517475920683j)
2.195,(0.00872207765146758-0.18064251037462117j),(0.005703986896805648-0.17762854816707335j),0.001177262893377156,(0.0030180907546619312-0.003013962207547821j)
2.1975000000000002,(0.008702311985948712-0.1804381880683987j),(0.00585493996410761-0.1718126506372886j),0.0010122859479630552,(0.0028473720218411026-0.008625537431110109j)
2.2,(0.008682613380904322-0.18023432637338802j),(0.008980705973343375-0.172159589552179j),0.001167649544650752,(-0.0002980925924390525-0.008074736821209016j)
2.2025,(0.008662981533549776-0.18003092373745408j),(0.005387289392149504-0.17184451701129405j),0.0011041912961305504,(0.003275692141400272-0.008186406726160028j)
2.205,(0.008643416142806035-0.17982797861541097j),(0.00757522986427524-0.17125989909074174j),0.0009435474067616093,(0.0010681862785307953-0.008568079524669231j)
2.2075,(0.008623916909288066-0.17962548946898357j),(0.008770837702133907-0.17005494444277447j),0.0009739733757983334,(-0.0001469207928458411-0.009570545026209104j)
2.21,(0.0086044835352938-0.17942345476676846j),(0.0129442195481537-0.1723031066836139j),0.0011427617455913996,(-0.004339736012859899-0.007120348083154565j)
2.2125,(0.008585115724792305-0.17922187298419587j),(0.008714637208518438-0.17321357049065897j),0.0011573786697834853,(-0.00012952148372613256-0.006008302493536899j)
2.215,(0.008565813183413018-0.17902074260349202j),(0.007570695182275412-0.17244022512853888j),0.001181655848958353,(0.0009951180011376053-0.00658051747495314j)
2.2175000000000002,(0.008546575618434147-0.17882006211364113j),(0.00504640317427778-0.16936098403504107j),0.0012816636229078318,(0.0035001724441563664-0.009459078078600053j)
2.22,(0.008527402738771938-0.17861983001034767j),(0.008248436644144645-0.16746566134546306j),0.0011025460036725946,(0.0002789660946272924-0.011154168664884612j)
2.2225,(0.008508294254969562-0.17842004479599963j),(0.008903378704088916-0.16733563228305187j),0.0009603080074723992,(-0.0003950844491193532-0.011084412512947756j)
2.225,(0.008489249879186136-0.17822070497963124j),(0.007567465215944015-0.1667708424972206j),0.0008464612948641204,(0.0009217846632421211-0.011449862482410644j)
2.2275,(0.008470269325186274-0.17802180907688622j),(0.007179378470835258-0.16679401056368062j),0.0011435681111276583,(0.0012908908543510164-0.0112277985132056j)
2.23,(0.00845135230832891-0.1778233556099816j),(0.007711251955831847-0.1740509173271219j),0.0011678911920419712,(0.0007401003524970624-0.003772438282859697j)
2.2325,(0.008432498545556992-0.17762534310767103j),(0.009516613096312496-0.16847754808247292j),0.0011747163812492049,(-0.0010841145507555043-0.009147795025198108j)
2.235,(0.00841370775538659-0.17742777010520877j),(0.007661537202576514-0.1711439067030495j),0.0010595490077868353,(0.0007521705528100754-0.006283863402159279j)
2.2375000000000003,(0.00839497965789693-0.17723063514431464j),(0.007840961734502565-0.17050565041329388j),0.0012185281807186516,(0.0005540179233943648-0.006724984731020761j)
2.24,(0.008376313974719518-0.17703393677313745j),(0.004081802847908311-0.17481905916208232j),0.000997697570440561,(0.004294511126811207-0.002214877611055127j)
2.2425,(0.008357710429028026-0.17683767354622038j),(0.011008864734648018-0.1698214798840525j),0.0010343800832324068,(-0.002651154305619992-0.00701619366216788j)
2.245,(0.008339168745527994-0.1766418440244655j),(0.01182798301185553-0.17034514716462604j),0.0010739966091960155,(-0.0034888142663275362-0.006296696859839468j)
2.2475,(0.008320688650446889-0.17644644677509938j),(0.0036692514386782644-0.168152465875168j),0.001315144664289478,(0.004651437211768625-0.008293980899931386j)
2.25,(0.008302269871523629-0.176251480371638j),(0.006309310891628331-0.1707601368675206j),0.001064633589364139,(0.0019929589798952973-0.005491343504117396j)
2.2525,(0.008283912137998986-0.17605694339385244j),(0.007593096269716175-0.1674365968479562j),0.00101607334096162,(0.0006908158682828111-0.008620346545896246j)
2.255,(0.008265615180605578-0.17586283442773534j),(0.010644849569077556-0.1648553137252995j),0.001192527183852115,(-0.0023792343884719777-0.011007520702435852j)
2.2575,(0.008247378731557736-0.17566915206546577j),(0.008687418027021662-0.1663108900312999j),0.0009439520021981122,(-0.0004400392954639256-0.00935826203416587j)
2.2600000000000002,(0.00822920252454207-0.17547589490537674j),(0.00996623660434547-0.16945142046278627j),0.0009080970823513241,(-0.0017370340798034001-0.006024474442590466j)
2.2625,(0.008211086294707579-0.17528306155192072j),(0.006843797503878081-0.17079727501316982j),0.0012103306897713276,(0.0013672887908294977-0.004485786538750897j)
2.265,(0.008193029778656283-0.17509065061563697j),(0.0112197827698756-0.17058491322755592j),0.0009955132819557593,(-0.0030267529912193173-0.004505737388081049j)
2.2675,(0.008175032714433213-0.17489866071311821j),(0.009976453429518597-0.17016076884978343j),0.0013555431910362947,(-0.0018014207150853848-0.004737891863334787j)
2.27,(0.008157094841517415-0.17470709046697783j),(0.005582112124775568-0.16569741976823552j),0.0011239473970988873,(0.0025749827167418473-0.009009670698742311j)
2.2725,(0.008139215900812324-0.17451593850581715j),(0.006009550048771768-0.168472908497115j),0.001043159897117128,(0.0021296658520405564-0.006043030008702155j)
2.275,(0.008121395634636408-0.17432520346419328j),(0.008589621543975417-0.16557231930324168j),0.0011576608249944443,(-0.00046822590933900954-0.008752884160951602j)
2.2775,(0.008103633786714125-0.1741348839825864j),(0.00436673485629303-0.16440451804364045j),0.001166476643678217,(0.003736898930421095-0.00973036593894594j)
2.2800000000000002,(0.008085930102166367-0.17394497870736828j),(0.009102589790310221-0.1684305504020737j),0.0012198054682400947,(-0.001016659688143854-0.005514428305294583j)
2.2825,(0.008068284327501708-0.17375548629077017j),(0.009088816925624486-0.16985237161291747j),0.0011585599580908627,(-0.001020532598122778-0.0039031146778527037j)
2.285,(0.008050696210607116-0.17356640539085122j),(0.008341532388009276-0.17068303630088102j),0.0011572561550275563,(-0.00029083617740215985-0.0028833690899701947j)
2.2875,(0.008033165500739186-0.17337773467146714j),(0.007322385782063071-0.16869766182752702j),0.0010020046175288032,(0.0007107797186761151-0.00468007284394012j)
2.29,(0.00801569194851492-0.17318947280223898j),(0.008540028521815709-0.16788274618069138j),0.0010314739608794892,(-0.000524336573300789-0.005306726621547603j)
2.2925,(0.007998275305903236-0.17300161845852238j),(0.009542495915777443-0.1677232074217807j),0.0010165947233099872,(-0.0015442206098742074-0.005278411036741676j)
2.295,(0.007980915326215919-0.17281417032137608j),(0.011003643214105097-0.16590747584174614j),0.0010975647535811021,(-0.003022727887889178-0.006906694479629938j)
2.2975,(0.00796361176409908-0.17262712707753225j),(0.007230924228161239-0.1663598291627075j),0.0012904152467440129,(0.0007326875359378411-0.006267297914824749j)
2.3000000000000003,(0.007946364375524524-0.17244048741936546j),(0.008995506288058418-0.15894052290703573j),0.0012471552612272527,(-0.001049141912533894-0.013499964512329737j)
2.3025,(0.00792917291778083-0.17225425004486258j),(0.010883864702714168-0.16375969181865743j),0.001107182916182211,(-0.0029546917849333377-0.008494558226205151j)
2.305,(0.007912037149465324-0.17206841365759284j),(0.006160239147490669-0.16546620591799435j),0.0010357981602839778,(0.0017517980019746554-0.006602207739598492j)
2.3075,(0.007894956830475388-0.17188297696667826j),(0.009660334861389838-0.16928447320176848j),0.0011383493026917517,(-0.0017653780309144496-0.0025985037649097764j)
2.31,(0.007877931722000006-0.17169793868676345j),(0.007594703063979348-0.16237707406602986j),0.0012799908502324569,(0.0002832286580206579-0.009320864620733588j)
2.3125,(0.007860961586511596-0.17151329753798666j),(0.011072111890848642-0.1596997174497005j),0.001336887160806473,(-0.0032111503043370463-0.011813580088286174j)
2.315,(0.00784404618775766-0.17132905224595035j),(0.010410700404430335-0.16621721911648282j),0.0009567278523457227,(-0.0025666542166726744-0.00511183312946753j)
2.3175,(0.007827185290752518-0.171145201541692j),(0.008169186949367118-0.15866055545289803j),0.0011805819268977695,(-0.0003420016586146001-0.01248464608879396j)
2.32,(0.007810378661769497-0.17096174416165547j),(0.008151498141873019-0.16343840099047544j),0.0013325465382932977,(-0.000341119480103522-0.00752334317118003j)
2.3225000000000002,(0.007793626068332282-0.17077867884766237j),(0.002034513350327524-0.1641848768751417j),0.0011220283342746038,(0.005759112718004758-0.006593801972520685j)
2.325,(0.007776927279207405-0.1705960043468831j),(0.008277892291575568-0.16340391761364967j),0.0011411445678988366,(-0.0005009650123681628-0.007192086733233433j)
2.3275,(0.0077602820643961675-0.17041371941180875j),(0.003441591861166325-0.16059514183288687j),0.0010509711625617914,(0.004318690203229843-0.009818577578921878j)
2.33,(0.0077436901951265825-0.1702318228002232j),(0.00757969142098232-0.16752129911679792j),0.0010845257842758914,(0.00016399877414426285-0.002710523683425281j)
2.3325,(0.007727151443845664-0.17005031327517486j),(0.008407640853279143-0.16017982704338987j),0.0009681210973120989,(-0.0006804894094334787-0.009870486231784992j)
2.335,(0.007710665584211621-0.1698691896049488j),(0.0075564377451346225-0.1628875147860486j),0.001220517406825547,(0.0001542278390769987-0.006981674818900191j)
2.3375,(0.007694232391086116-0.16968845056303947j),(0.009321711478458384-0.16408155260361657j),0.0010562700779840103,(-0.0016274790873722677-0.005606897959422902j)
2.34,(0.007677851640526729-0.16950809492812274j),(0.008983487877737674-0.16143101694540019j),0.0010378979602787615,(-0.001305636237210945-0.008077077982722558j)
2.3425000000000002,(0.007661523109779179-0.16932812148402934j),(0.0053154097130297985-0.16198557628409474j),0.0010080069521344035,(0.0023461133967493802-0.0073425451999346025j)
2.345,(0.007645246577269686-0.16914852901971703j),(0.006629717924829151-0.16134526479800246j),0.0013795948006542725,(0.0010155286524405347-0.007803264221714568j)
2.3475,(0.007629021822597805-0.16896931632924403j),(0.004243060455103429-0.1612474477025165j),0.001176539819024085,(0.003385961367494376-0.007721868626727524j)
2.35,(0.007612848626528715-0.16879048221174214j),(0.008200101020724587-0.16216234016099873j),0.0008974511138721463,(-0.0005872523941958712-0.006628142050743413j)
2.3525,(0.00759672677098611-0.16861202547139043j),(0.004338716193100273-0.1610758373078499j),0.0012972092220251098,(0.003258010577885837-0.007536188163540514j)
2.355,(0.007580656039044269-0.1684339449173883j),(0.007842012650498673-0.16249202238400923j),0.0011575991364986347,(-0.0002613566114544035-0.005941922533379079j)
2.3575,(0.007564636214921635-0.1682562393639296j),(0.00895278725008984-0.1588757350279201j),0.001202036509374237,(-0.001388151035168205-0.00938050433600951j)
2.36,(0.007548667083972813-0.1680789076301765j),(0.007535799871452724-0.16006637933533313j),0.0009399197590303515,(1.286721252008894e-05-0.008012528294843363j)
2.3625000000000003,(0.007532748432681896-0.16790194854023355j),(0.005817730853692428-0.15759340151987578j),0.0010021676597261214,(0.0017150175789894685-0.010308547020357772j)
2.365,(0.00751688004865524-0.16772536092312146j),(0.003918638042705559-0.1618280526117462j),0.0012114056309829773,(0.0035982420059496806-0.005897308311375249j)
2.3675,(0.007501061720614157-0.16754914361275228j),(0.007739835158128123-0.16143415719211476j),0.0011708969928214258,(-0.0002387734375139663-0.006114986420637514j)
2.37,(0.007485293238388231-0.16737329544790325j),(0.008815063932266456-0.15977968537491533j),0.0012071034435697625,(-0.0013297706938782258-0.007593610072987922j)
2.3725,(0.007469574392908042-0.16719781527219188j),(0.0046304607191184075-0.15976710970894725j),0.001045314703816736,(0.002839113673789634-0.007430705563244627j)
2.375,(0.00745390497619866-0.16702270193405064j),(0.01078319330493511-0.1594978741055236j),0.0010723709634773613,(-0.00332928832873645-0.0075248278285270365j)
2.3775,(0.007438284781372341-0.1668479542867022j),(0.00830266126774857-0.160251779849612j),0.00110252812999897,(-0.0008643764863762284-0.0065961744370902076j)
2.38,(0.007422713602621987-0.16667357118813422j),(0.006654540502605918-0.1610556240960868j),0.0010774301257731132,(0.0007681731000160688-0.0056179470920474095j)
2.3825,(0.007407191235214456-0.16649955150107504j),(0.008194854169874375-0.15954577923646487j),0.0012176770734005997,(-0.0007876629346599186-0.006953772264610164j)
2.3850000000000002,(0.007391717475483442-0.16632589409296905j),(0.003909838131880841-0.1605747665593335j),0.001178361694277155,(0.0034818793436026006-0.005751127533635547j)
2.3875,(0.0073762921208233015-0.1661525978359522j),(0.00861330136524755-0.1653747517311437j),0.0011107761350193732,(-0.001237009244424248-0.0007778461048085217j)
2.39,(0.007360914969682138-0.16597966160682787j),(0.0067965773168694385-0.15740869321975587j),0.001164908921794654,(0.0005643376528126996-0.008570968387071998j)
2.3925,(0.007345585821555338-0.16580708428704277j),(0.009406388727013373-0.15743173684782247j),0.001161887776450841,(-0.0020608029054580354-0.008375347439220304j)
2.395,(0.007330304476978927-0.16563486476266326j),(0.010325533965818699-0.15931405815566055j),0.000978550283250665,(-0.002995229488839772-0.00632080660700271j)
2.3975,(0.007315070737523397-0.16546300192435107j),(0.003818125510180741-0.15730061278710822j),0.0010745032059470707,(0.0034969452273426564-0.008162389137242848j)
2.4,(0.0072998844057869695-0.16529149466734017j),(0.0026870596382735797-0.15599091347419j),0.001242950978577712,(0.004612824767513389-0.009300581193150165j)
2.4025,(0.007284745285389354-0.16512034189141303j),(0.007002759456809479-0.15488934765527054j),0.001127341954455326,(0.00028198582857987507-0.010230994236142488j)
2.4050000000000002,(0.007269653180965413-0.16494954250087732j),(0.009276922845826185-0.1586336089572523j),0.0011309287581282696,(-0.0020072696648607722-0.00631593354362503j)
2.4075,(0.007254607898158751-0.16477909540454275j),(0.00432527091559578-0.158410750046007j),0.0009474433920076182,(0.0029293369825629714-0.006368345358535754j)
2.41,(0.007239609243615824-0.16460899951569802j),(0.004566174533733024-0.15153985678013862j),0.0011582238996459338,(0.0026734347098828-0.013069142735559397j)
2.4125,(0.007224657024979239-0.16443925375208793j),(0.007569235349846654-0.1572925149687764j),0.0010770804318163167,(-0.000344578324867415-0.00714673878331154j)
2.415,(0.007209751050882038-0.1642698570358904j),(0.007810228324768562-0.15809217052250923j),0.0012590721251322617,(-0.000600477273886524-0.006177686513381159j)
2.4175,(0.007194891130941347-0.16410080829369428j),(0.007212257943679352-0.15644548904379219j),0.0011092305186912578,(-1.736681273800493e-05-0.007655319249902093j)
2.42,(0.007180077075752363-0.1639321064564763j),(0.006488261175777787-0.15419697895436055j),0.001028136548222198,(0.0006918158999745759-0.009735127502115748j)
2.4225,(0.007165308696882401-0.1637637504595792j),(0.004056341070988657-0.15844233173774208j),0.001162755237400095,(0.0031089676258937438-0.005321418721837112j)
2.4250000000000003,(0.00715058580686486-0.16359573924268925j),(0.0045268679098255165-0.15031490432195005j),0.001203808517088534,(0.002623717897039343-0.013280834920739198j)
2.4275,(0.007135908219193326-0.16342807174981416j),(0.010326259694844995-0.15682552945045167j),0.0011266566181907425,(-0.0031903514756516692-0.006602542299362496j)
2.43,(0.007121275748315699-0.16326074692926146j),(0.0036693233076691466-0.15632436570592373j),0.0010202173124831022,(0.0034519524406465526-0.006936381223337729j)
2.4325,(0.007106688209628098-0.16309376373361598j),(0.0026041966385018395-0.15512231505056828j),0.0011372767471480476,(0.004502491571126258-0.007971448683047694j)
2.435,(0.007092145419469436-0.16292712111971894j),(0.008251404848402425-0.15721989729439545j),0.0009585633423021436,(-0.0011592594289329891-0.0057072238253234875j)
2.4375,(0.007077647195115477-0.162760818048646j),(0.012900796924683067-0.15423699006603406j),0.0012781795292419436,(-0.00582314972956759-0.008523827982611948j)
2.44,(0.007063193354772913-0.16259485348568592j),(0.006828325203088196-0.15588522353943643j),0.0011009968055831938,(0.00023486815168471693-0.00670962994624949j)
2.4425,(0.007048783717574157-0.16242922640031907j),(0.003247432709640156-0.1575549259401133j),0.0011627385633662833,(0.003801351007934001-0.0048743004602057605j)
2.445,(0.007034418103571231-0.16226393576619652j),(0.007743932715297893-0.15833429693911213j),0.0010617373965913152,(-0.000709514611726662-0.003929638827084386j)
2.4475000000000002,(0.007020096333730399-0.1620989805611192j),(0.0060341739443110845-0.1540053803362725j),0.0010594457991272498,(0.0009859223894193147-0.008093600224846703j)
2.45,(0.007005818229926455-0.1619343597670164j),(0.008652184477449743-0.15401520931355575j),0.0010581337815165055,(-0.0016463662475232881-0.007919150453460644j)
2.4525,(0.0069915836149374855-0.16177007236992533j),(0.005757830525296901-0.15454915030334562j),0.0013065256236293437,(0.0012337530896405846-0.007220922066579705j)
2.455,(0.006977392312439023-0.16160611735997063j),(0.005336842922558965-0.1556220030481995j),0.001298002136776623,(0.0016405493898800586-0.0059841143117711215j)
2.4575,(0.006963244146998789-0.1614424937313433j),(0.004488123225158386-0.1552211956155138j),0.0011888932538993468,(0.0024751209218404034-0.006221298115829499j)
2.46,(0.006949138944071415-0.16127920048228123j),(0.00706922442776645-0.15544177748557314j),0.0011215684161537994,(-0.00012008548369503436-0.005837422996708086j)
2.4625,(0.006935076529992766-0.16111623661504762j),(0.008176496974979108-0.15369519692295094j),0.0010354731923679444,(-0.001241420444986342-0.007421039692096676j)
2.465,(0.00692105673197479-0.160953601135912j),(0.007320885272890373-0.15014421634358227j),0.0010634649141707997,(-0.0003998285409155828-0.010809384792329735j)
2.4675000000000002,(0.006907079378100189-0.16079129305512949j),(0.004900496852125412-0.15102926198514616j),0.0010348608437307288,(0.0020065825259747774-0.009762031069983329j)
2.47,(0.006893144297317341-0.16062931138692116j),(0.0054820000175760455-0.15160821544041977j),0.0011251884483401908,(0.0014111442797412957-0.009021095946501384j)
2.4725,(0.0068792513194346865-0.16046765514945405j),(0.0065739666435711-0.1516991902404771j),0.0012972308202764682,(0.00030528467586358674-0.008768464908976953j)
2.475,(0.006865400275115813-0.16030632336482162j),(0.0063710199124065205-0.15386982335425547j),0.0010545041767647894,(0.0004943803627092923-0.006436500010566143j)
2.4775,(0.006851590995874386-0.1601453150590242j),(0.005121823818564169-0.15083037051923653j),0.001031283700255518,(0.001729767177310217-0.009314944539787678j)
2.48,(0.006837823314068712-0.15998462926194953j),(0.0038310558287786966-0.14800947005245904j),0.0012481148602612956,(0.0030067674852900152-0.011975159209490494j)
2.4825,(0.006824097062897185-0.1598242650073531j),(0.00831694100107916-0.14804883752343828j),0.00104730074410273,(-0.0014928439381819755-0.01177542748391483j)
2.485,(0.0068104120763925685-0.15966422133283933j),(0.00979253181851943-0.15065093082237496j),0.0009434913039052637,(-0.002982119742126861-0.009013290510464372j)
2.4875000000000003,(0.006796768189417552-0.15950449727984256j),(0.0062467554494684795-0.15127521707091435j),0.0009609029744366471,(0.0005500127399490724-0.008229280208928214j)
2.49,(0.006783165237659632-0.15934509189360746j),(0.00469530288499608-0.1524224770455932j),0.0011600825258141112,(0.0020878623526635522-0.0069226148480142635j)
2.4925,(0.006769603057625916-0.1591860042231707j),(0.004905434910188299-0.1564451087538083j),0.0010430594050178218,(0.001864168147437617-0.0027408954693624032j)
2.495,(0.006756081486638581-0.15902723332134194j),(0.005833742661635855-0.14731800936198255j),0.001121278791176531,(0.0009223388250027258-0.011709223959359388j)
2.4975,(0.006742600362829829-0.15886877824468532j),(0.005809616716908193-0.1479192585465801j),0.0011729942670464888,(0.0009329836459216366-0.010949519698105203j)
2.5,(0.006729159525137044-0.1587106380535007j),(0.004842909594814179-0.15163789580054712j),0.0010432517883472306,(0.0018862499303228652-0.007072742252953568j)
2.5025,(0.0067157588132981255-0.15855281181180522j),(0.003459087536506697-0.15161965232130434j),0.0010759628682580392,(0.0032566712767914284-0.006933159490500884j)
2.505,(0.006702398067846578-0.15839529858731544j),(0.0007656394840673426-0.1480838321254227j),0.0013539963529393389,(0.005936758583779235-0.010311466461892738j)
2.5075,(0.006689077130106745-0.15823809745142842j),(0.00818812644202581-0.15244267296516173j),0.0010005153363997958,(-0.0014990493119190658-0.005795424486266687j)
2.5100000000000002,(0.0066757958421892255-0.15808120747920412j),(0.003004302060580867-0.15290058078067623j),0.0011462876951044457,(0.0036714937816083584-0.005180626698527896j)
2.5125,(0.006662554046986377-0.15792462774934732j),(0.00872840152432554-0.14911758193092478j),0.00106844904899038,(-0.002065847477339163-0.008807045818422538j)
2.515,(0.006649351588167186-0.15776835734418934j),(0.006831951328685609-0.1458784821097038j),0.0009104489891505145,(-0.00018259974051842293-0.011889875234485536j)
2.5175,(0.006636188310173041-0.1576123953496706j),(0.008801782797207405-0.1464668917088277j),0.0011077831812729088,(-0.002165594487034364-0.01114550364084288j)
2.52,(0.006623064058213229-0.15745674085532305j),(0.007260742439934468-0.15073313126021978j),0.0012838019536493617,(-0.0006376783817212388-0.006723609595103264j)
2.5225,(0.006609978678260013-0.1573013929542523j),(0.0065975145095221-0.14812684696386752j),0.0009941454325753387,(1.2464168737912756e-05-0.00917454599038478j)
2.525,(0.006596932017044564-0.15714635074311997j),(0.003839913272270209-0.15369265631570067j),0.001118623852010637,(0.0027570187447743554-0.0034536944274193015j)
2.5275,(0.00658392392205217-0.15699161332212697j),(0.005873065713689027-0.14943400936883033j),0.0011893555481800617,(0.0007108582083631427-0.007557603953296632j)
2.5300000000000002,(0.006570954241517811-0.1568371797949955j),(0.00577561158745952-0.14884330127973985j),0.0010005402720918832,(0.0007953426540582911-0.007993878515255654j)
2.5325,(0.006558022824422039-0.15668304926895232j),(0.005613362149268853-0.1440705631487294j),0.0010960379030969258,(0.0009446606751531859-0.012612486120222921j)
2.535,(0.006545129520486132-0.1565292208547115j),(0.008668020055927532-0.14813295042364394j),0.001156808322978742,(-0.0021228905354414-0.008396270431067554j)
2.5375,(0.006532274180168156-0.1563756936664573j),(0.008668310583730212-0.1491954240981537j),0.0009154752738161426,(-0.002136036403562056-0.007180269568303588j)
2.54,(0.006519456654658394-0.15622246682182767j),(-0.0005021616118858925-0.1479479719305828j),0.0014323805652992868,(0.007021618266544287-0.008274494891244877j)
2.5425,(0.0065066767958751725-0.15606953944189716j),(0.010387689725515561-0.1440744284945622j),0.0009854738020277447,(-0.0038810129296403886-0.011995110947334964j)
2.545,(0.006493934456460476-0.15591691065116053j),(0.007176157183000556-0.1470937070733379j),0.0010449790832170829,(-0.0006822227265400804-0.008823203577822625j)
2.5475,(0.006481229489775814-0.15576457957751555j),(0.006045526258219087-0.14723085575668915j),0.00100628987945416,(0.00043570323155672774-0.0085337238208264j)
2.5500000000000003,(0.00646856174989797-0.15561254535224706j),(0.0011689982969401709-0.1433557984019482j),0.0010145012139155228,(0.0052995634529578-0.012256746950298852j)
2.5525,(0.006455931091614837-0.1554608071100108j),(0.00779135338861911-0.14446490593573463j),0.0010283867572454522,(-0.001335422297004273-0.01099590117427618j)
2.555,(0.006443337370421262-0.15530936398881623j),(0.0023616035565482917-0.14443140454634287j),0.0011315265558230452,(0.00408173381387297-0.010877959442473356j)
2.5575,(0.006430780442514789-0.15515821513001107j),(0.007446505574647949-0.1453391656943549j),0.0013814049805702488,(-0.0010157251321331598-0.009819049435656174j)
2.56,(0.00641826016479199-0.155007359678265j),(0.006612647816677275-0.1444637872965523j),0.0010254205211110469,(-0.0001943876518852852-0.010543572381712718j)
2.5625,(0.006405776394843761-0.15485679678155345j),(0.005733606868335386-0.14657251594361229j),0.0010179412906502333,(0.0006721695265083753-0.008284280837941166j)
2.565,(0.006393328990951756-0.1547065255911417j),(0.00629856373400014-0.1465065861166219j),0.001212818619261994,(9.47652569516155e-05-0.008199939474519802j)
2.5675,(0.006380917812084336-0.1545565452615697j),(0.0013549346914755753-0.149258809469795j),0.0011789510208804097,(0.005025983120608761-0.005297735791774699j)
2.57,(0.006368542717892292-0.15440685495063508j),(0.006710805250065715-0.1479770749578872j),0.0011507084992958961,(-0.0003422625321734228-0.0064297799927478805j)
2.5725000000000002,(0.006356203568705185-0.1542574538193785j),(0.004479481473932175-0.14431114073567977j),0.0012061226896427563,(0.0018767220947730097-0.009946313083698727j)
2.575,(0.006343900225527338-0.15410834103206808j),(0.007683557793271356-0.1437895253378569j),0.0011999736356506324,(-0.0013396575677440186-0.01031881569421117j)
2.5775,(0.006331632550033876-0.15395951575618297j),(0.008027244618920635-0.1404866607192255j),0.0009478760761744348,(-0.0016956120688867583-0.01347285503695747j)
2.58,(0.0063194004045667735-0.15381097716239914j),(0.006889148287674793-0.14659288087908315j),0.0010507766984995033,(-0.0005697478831080197-0.007218096283315989j)
2.5825,(0.0063072036521311875-0.15366272442457343j),(0.00823416363534224-0.14361466627357336j),0.0011178488318966077,(-0.0019269599832110523-0.010048058151000072j)
2.585,(0.006295042156391502-0.15351475671972842j),(0.007606290642600166-0.1411945662038452j),0.001151277076824952,(-0.0013112484862086637-0.012320190515883206j)
2.5875,(0.006282915781667618-0.15336707322803736j),(0.005572745774525188-0.1454972653254849j),0.0010381890281700417,(0.0007101700071424294-0.007869807902552456j)
2.59,(0.006270824392931106-0.15321967313280907j),(0.006226221806814584-0.1445481975303142j),0.0009265973453934,(4.460258611652199e-05-0.008671475602494871j)
2.5925000000000002,(0.00625876785580147-0.15307255562047323j),(0.007651626229945046-0.14223331198177913j),0.0011146927026175798,(-0.0013928583741435767-0.010839243638694096j)
2.595,(0.006246746036542433-0.15292571988056516j),(0.007236551718739491-0.1439293115766054j),0.0013261616190030881,(-0.0009898056821970574-0.008996408303959758j)
2.5975,(0.006234758802058159-0.15277916510571135j),(0.006899855380286569-0.1390761702596392j),0.001172461782881607,(-0.00066509657822841-0.013702994846072153j)
2.6,(0.00622280601988974-0.15263289049161452j),(0.005778280365306758-0.14659902196942018j),0.0011141633943357763,(0.00044452565458298187-0.006033868522194341j)
2.6025,(0.006210887558211312-0.15248689523703912j),(0.008482355975970647-0.14462886589674326j),0.001119580260571265,(-0.0022714684177593345-0.007858029340295863j)
2.605,(0.006199003285826797-0.1523411785437968j),(0.006475245275931808-0.14885413988797846j),0.0008995075098236093,(-0.000276241990105011-0.003487038655818342j)
2.6075,(0.006187153072166051-0.15219573961673205j),(0.005510668468548577-0.1420940970067263j),0.0007634749184784019,(0.0006764846036174735-0.010101642610005762j)
2.61,(0.006175336787280945-0.15205057766370772j),(0.004914541954076158-0.14614393847172433j),0.0010003499885240864,(0.0012607948332047873-0.005906639191983393j)
2.6125000000000003,(0.006163554301842621-0.15190569189559056j),(0.0115411288546049-0.14168807898309393j),0.0011667810028052137,(-0.005377574552762279-0.01021761291249662j)
2.615,(0.006151805487137294-0.15176108152623746j),(0.003689537494192431-0.1430135315577514j),0.0012081783947798885,(0.002462267992944863-0.008747549968486062j)
2.6175,(0.006140090215063005-0.15161674577248094j),(0.010091964954959799-0.14257966195638352j),0.0009642582184376654,(-0.003951874739896794-0.009037083816097413j)
2.62,(0.006128408358126024-0.15147268385411533j),(0.005044312324098792-0.14292690131680172j),0.0012337718255720819,(0.001084096034027232-0.008545782537313612j)
2.6225,(0.006116759789437615-0.15132889499388258j),(0.005071437136003979-0.14328085745786434j),0.0009391783039683081,(0.0010453226534336366-0.008048037536018238j)
2.625,(0.006105144382710361-0.15118537841745883j),(0.007042134627756016-0.14323654421196283j),0.0012073473687791187,(-0.0009369902450456552-0.007948834205495997j)
2.6275,(0.006093562012254801-0.1510421333534398j),(0.0053299467197979135-0.1432046484965723j),0.0011563573491920626,(0.0007636152924568873-0.0078374848568675j)
2.63,(0.0060820125529760915-0.15089915903332818j),(0.004877748108841997-0.1421129915107315j),0.0010732987712764733,(0.0012042644441340941-0.008786167522596672j)
2.6325,(0.006070495880370533-0.1507564546915187j),(0.0032236326891156666-0.14056635898137718j),0.0010326516161127057,(0.0028468631912548664-0.010190095710141511j)
2.6350000000000002,(0.006059011870522466-0.1506140195652857j),(0.0023016617791951515-0.13788841629938417j),0.001056980009639041,(0.0037573500913273146-0.012725603265901525j)
2.6375,(0.006047560400100763-0.15047185289476883j),(0.0034545352445098628-0.14521642662611942j),0.0009852035561529861,(0.0025930251555909-0.005255426268649416j)
2.64,(0.006036141346355329-0.15032995392296028j),(-0.0008775924928799678-0.14131734683551125j),0.0009061543093386443,(0.006913733839235297-0.009012607087449026j)
2.6425,(0.006024754587114276-0.15018832189569065j),(0.006170439376691083-0.14000275099577264j),0.001110766875722737,(-0.0001456847895768068-0.010185570899918006j)
2.645,(0.006013400000780328-0.15004695606161647j),(0.00859410307241978-0.14059214467389936j),0.0013036334819083986,(-0.0025807030716394523-0.009454811387717116j)
2.6475,(0.006002077466327516-0.14990585567220657j),(0.004583340562015456-0.1388090815019724j),0.0012599155241200457,(0.0014187369043120604-0.011096774170234164j)
2.65,(0.0059907868632984185-0.14976501998172884j),(0.0018931645056169842-0.14112735929313944j),0.0010579808710497194,(0.004097622357681434-0.0086376606885894j)
2.6525,(0.005979528071800449-0.14962444824723758j),(0.006698164480669554-0.137624725563329j),0.0010897387049241425,(-0.0007186364088691052-0.011999722683908587j)
2.6550000000000002,(0.00596830097250297-0.14948413972856028j),(0.005458785145502322-0.1441737166124262j),0.0009850608604923276,(0.000509515827000648-0.005310423116134083j)
2.6575,(0.005957105446634002-0.14934409368828472j),(0.00801779001972407-0.14170349627918313j),0.001001550022799772,(-0.0020606845730900677-0.007640597409101585j)
2.66,(0.005945941375977179-0.14920430939174614j),(0.007344459989456557-0.13580164994604682j),0.0013367760048150314,(-0.001398518613479378-0.013402659445699322j)
2.6625,(0.005934808642868654-0.14906478610701446j),(0.00029903010294426334-0.13724284718647256j),0.0010827902208989043,(0.005635778539924391-0.011821938920541897j)
2.665,(0.005923707130193871-0.14892552310488183j),(0.0056839933642794166-0.1333145194573498j),0.0011287732170182688,(0.00023971376591445416-0.01561100364753204j)
2.6675,(0.005912636721384625-0.14878651965884956j),(0.005724348220368449-0.1415856722211364j),0.0010639263415566595,(0.00018828850101617646-0.007200847437713154j)
2.67,(0.005901597300415903-0.148647775045116j),(0.006999084416852707-0.14038503341510794j),0.0012393049875903334,(-0.001097487116436804-0.008262741630008064j)
2.6725,(0.005890588751803046-0.14850928854256365j),(0.005353182476228239-0.14006419148137123j),0.0012971780487962001,(0.0005374062755748067-0.008445097061192425j)
2.6750000000000003,(0.0058796109605983304-0.14837105943274723j),(0.008372627680124289-0.14142983377753932j),0.0011961145339393212,(-0.0024930167195259586-0.006941225655207911j)
2.6775,(0.005868663812388529-0.148233086999881j),(0.0027609838893129985-0.14261088250199327j),0.001184615247948047,(0.003107679923075531-0.005622204497887723j)
2.68,(0.005857747193291542-0.14809537053082636j),(0.00332255537474606-0.14208409384636317j),0.0012152560673545437,(0.0025351918185454814-0.00601127668446319j)
2.6825,(0.005846860989953444-0.1479579093150801j),(0.006777932904083222-0.13896744130772404j),0.001359791857328012,(-0.0009310719141297783-0.008990468007356062j)
2.685,(0.005836005089545716-0.14782070264476194j),(0.003190490097708831-0.13903523656413658j),0.0010296798318425906,(0.0026455149918368855-0.00878546608062536j)
2.6875,(0.005825179379762283-0.1476837498146026j),(0.005784554000593908-0.1352074776220256j),0.0011463495698861433,(4.062537916837538e-05-0.01247627219257702j)
2.69,(0.005814383748816559-0.1475470501219314j),(0.006847649404324583-0.14170243626126983j),0.0011522759127592008,(-0.001033265655508024-0.005844613860661568j)
2.6925,(0.005803618085438719-0.14741060286666488j),(0.0036755446601651268-0.13754708995869067j),0.0011829708599529866,(0.002128073425273592-0.009863512907974215j)
2.695,(0.005792882278872497-0.14727440735129455j),(-4.2401901635105745e-05-0.13901812727374235j),0.000971317825615579,(0.005835284180507603-0.008256280077552192j)
2.6975000000000002,(0.005782176218872758-0.14713846288087545j),(0.0023192291163383737-0.1380716192464681j),0.001186216325387435,(0.003462947102534384-0.009066843634407351j)
2.7,(0.0057714997957023775-0.14700276876301394j),(0.003994253714663372-0.13929179796902927j),0.0010890321562541105,(0.001777246081039006-0.007710970793984667j)
2.7025,(0.005760852900129584-0.14686732430785618j),(0.002035367262612581-0.142260031672589j),0.0010758918021459417,(0.003725485637517003-0.004607292635267185j)
2.705,(0.005750235423425099-0.1467321288280769j),(0.007249357001374713-0.1426283938835396j),0.0010189511218937,(-0.0014991215779496143-0.004103734944537307j)
2.7075,(0.005739647257359431-0.14659718163886712j),(0.004278969150333814-0.1356477369015472j),0.0011090260179210368,(0.0014606781070256175-0.01094944473731993j)
2.71,(0.005729088294200077-0.1464624820579233j),(0.011369972889205437-0.13595790604922425j),0.0011669323691253367,(-0.005640884595005361-0.010504576008699057j)
2.7125,(0.0057185584267087424-0.14632802940543577j),(0.008373595258106797-0.13476728929085022j),0.0011870394743471332,(-0.002655036831398055-0.01156074011458555j)
2.715,(0.005708057548138722-0.1461938230040768j),(0.0060050398681271225-0.13705688632245158j),0.001082195473917755,(-0.0002969823199884007-0.009136936681625213j)
2.7175000000000002,(0.005697585552232175-0.14605986217899034j),(0.009231847809275738-0.14000678000826441j),0.001038807301530725,(-0.0035342622570435633-0.006053082170725921j)
2.72,(0.005687142333217393-0.14592614625777994j),(0.007901269380569592-0.13993627212598728j),0.0011770610133557083,(-0.002214127047352199-0.005989874131792666j)
2.7225,(0.005676727785806145-0.14579267457049763j),(0.00322550059721948-0.13889423909571316j),0.00104122537642135,(0.002451227188586665-0.00689843547478447j)
2.725,(0.005666341805191186-0.14565944644963347j),(0.007268285480482639-0.13706394431628593j),0.0012170228968609305,(-0.0016019436752914527-0.008595502133347532j)
2.7275,(0.005655984287043248-0.1455264612301037j),(0.008919663067120635-0.13588894629881865j),0.0010719122416172845,(-0.003263678780077387-0.009637514931285063j)
2.73,(0.005645655127508836-0.14539371824924j),(0.00455466360743365-0.1337367538111459j),0.0010587098009675817,(0.0010909915200751864-0.011656964438094108j)
2.7325,(0.005635354223207481-0.14526121684677884j),(0.005326835815911129-0.1365533597018548j),0.0010936535409703614,(0.00030851840729635184-0.00870785714492403j)
2.735,(0.00562508147122897-0.14512895636485035j),(0.00675171132764098-0.13955098746393432j),0.0011565924531093824,(-0.0011266298564120095-0.005577968900916025j)
2.7375000000000003,(0.005614836769131137-0.14499693614796744j),(-0.0006137781261766618-0.1368785360915298j),0.0009342921412739391,(0.006228614895307799-0.00811840005643763j)
2.74,(0.005604620014937012-0.1448651555430151j),(0.00413379930450253-0.13678921320056586j),0.000996710339508036,(0.0014708207104344824-0.008075942342449238j)
2.7425,(0.005594431107132409-0.14473361389923992j),(0.007314988427561983-0.1370492788883441j),0.0011384397350639767,(-0.0017205573204295737-0.007684335010895826j)
2.745,(0.005584269944663522-0.14460231056823894j),(0.004209509149864674-0.13493393484029942j),0.0011087682293544664,(0.0013747607947988483-0.009668375727939521j)
2.7475,(0.00557413642693412-0.14447124490394972j),(0.003818340621600984-0.13443890929646274j),0.0010343909591226086,(0.0017557958053331362-0.01003233560748698j)
2.75,(0.005564030453803416-0.144340416262639j),(0.007635348171990035-0.1389015440366653j),0.00098177997091802,(-0.002071317718186619-0.0054388722259736955j)
2.7525,(0.005553951925583192-0.14420982400289323j),(0.006418033502179267-0.13745630542273823j),0.0009717104136058715,(-0.0008640815765960748-0.0067535185801549935j)
2.755,(0.005543900743035895-0.14407946748560718j),(0.0022354941722625195-0.1302070334052543j),0.0009948396333129043,(0.0033084065707733755-0.01387243408035288j)
2.7575,(0.005533876807371741-0.14394934607397408j),(0.0047977290798712855-0.13443273312849613j),0.0011795496108388023,(0.0007361477275004552-0.009516612945477954j)
2.7600000000000002,(0.005523880020246274-0.14381945913347538j),(0.004825490507857005-0.13344566425901916j),0.0013470456859284582,(0.0006983895123892697-0.010373794874456221j)
2.7625,(0.0055139102837583635-0.1436898060318703j),(0.005477421385896217-0.1359216885502835j),0.0010044635006916667,(3.648889786214693e-05-0.007768117481586789j)
2.765,(0.005503967500447431-0.14356038613918556j),(0.006925532225997581-0.1351665109387928j),0.0011398441868464653,(-0.0014215647255501496-0.008393875200392753j)
2.7675,(0.0054940515732913925-0.1434311988277055j),(0.005909890971778618-0.13407943169946754j),0.0010577083273502939,(-0.0004158393984872253-0.009351767128237959j)
2.77,(0.005484162405703882-0.14330224347196177j),(0.007636654212527294-0.1334676448207739j),0.0013024385543364881,(-0.002152491806823412-0.009834598651187881j)
2.7725,(0.005474299901532228-0.1431735194487234j),(0.005136292282333438-0.13547380591198957j),0.0010642993966758626,(0.00033800761919879074-0.007699713536733821j)
2.775,(0.005464463965055091-0.14304502613698686j),(0.004619272890270414-0.13260395056891067j),0.0010995082529697898,(0.0008451910747846771-0.010441075568076191j)
2.7775,(0.005454654500980014-0.14291676291796593j),(0.006063373139097521-0.13343844159144744j),0.0011736538641739314,(-0.000608718638117507-0.00947832132651849j)
2.7800000000000002,(0.00544487141444123-0.14278872917508223j),(0.0049364042361127215-0.13287966873946908j),0.0011091347389247982,(0.0005084671783285085-0.009909060435613154j)
2.7825,(0.005435114610997397-0.14266092429395485j),(0.009054058181807299-0.13215378790689142j),0.001399193840712204,(-0.0036189435708099014-0.010507136387063437j)
2.785,(0.005425383996629068-0.142533347662391j),(0.007742473726703649-0.130734168951283j),0.0009694896981087809,(-0.002317089730074581-0.011799178711108j)
2.7875,(0.005415679477736729-0.14240599867037623j),(0.0015133023467996686-0.13183848254686223j),0.0009105151193063342,(0.0039023771309370605-0.010567516123514004j)
2.79,(0.005406000961138581-0.14227887671006448j),(0.007505724112046569-0.13465915060651576j),0.0010833478549048285,(-0.002099723150907988-0.0076197261035487185j)
2.7925,(0.0053963483540679-0.14215198117576905j),(0.008692023224050785-0.13191745964547613j),0.0011310878625240398,(-0.0032956748699828854-0.010234521530292917j)
2.795,(0.005386721564171358-0.14202531146395234j),(0.007437483807560786-0.13689204199207974j),0.0011237875775695293,(-0.0020507622433894286-0.005133269471872592j)
2.7975,(0.005377120499506352-0.14189886697321671j),(0.004519772475667881-0.13196261636399753j),0.001096964635343966,(0.0008573480238384711-0.009936250609219183j)
2.8000000000000003,(0.0053675450685391115-0.14177264710429524j),(0.008011653683027128-0.13342999402146752j),0.0008317850814435564,(-0.002644108614488017-0.008342653082827722j)
2.8025,(0.005357995180142469-0.14164665126004167j),(0.0033060128047141084-0.13260996555855414j),0.0010663118814265029,(0.00205198237542836-0.009036685701487523j)
2.805,(0.005348470743593492-0.14152087884542175j),(0.009820652881329564-0.13191937220582786j),0.0010298979384788154,(-0.0044721821377360724-0.009601506639593888j)
2.8075,(0.005338971668571574-0.1413953292675034j),(0.00678359591981593-0.13646417289912932j),0.0010732545318725612,(-0.0014446242512443563-0.004931156368374073j)
2.81,(0.005329497865156269-0.14127000193544775j),(0.005129944989531623-0.1322989799549j),0.0011699297273819707,(0.00019955287562464612-0.00897102198054775j)
2.8125,(0.005320049243825084-0.1411448962604998j),(0.0028397866280160887-0.13486831253116957j),0.0011736920798589025,(0.002480262615808995-0.006276583729330237j)
2.815,(0.005310625715451247-0.1410200116559793j),(0.010444338594909182-0.13251725670232653j),0.0010848655401654353,(-0.005133712879457935-0.008502754953652769j)
2.8175,(0.005301227191301937-0.1408953475372715j),(0.005997409623288847-0.134462606893346j),0.0010357852920944983,(-0.0006961824319869098-0.006432740643925516j)
2.82,(0.005291853583036008-0.14077090332181844j),(0.004382983252594887-0.1310703644904947j),0.0011052747348055212,(0.0009088703304411215-0.00970053883132374j)
2.8225000000000002,(0.005282504802701824-0.14064667842910936j),(0.008889104210339324-0.13141122089826707j),0.0011151959464684592,(-0.0036065994076375004-0.00923545753084229j)
2.825,(0.005273180762735389-0.14052267228067225j),(0.004181658504913532-0.12747084705798112j),0.0011711103727556924,(0.001091522257821857-0.013051825222691132j)
2.8275,(0.005263881375958147-0.14039888430006472j),(0.005595618414983258-0.1314140186576222j),0.0010917827869962194,(-0.00033173703902511075-0.008984865642442524j)
2.83,(0.005254606555575116-0.14027531391286488j),(0.0038881997797397755-0.13244562317028366j),0.0011433217156479893,(0.0013664067758353401-0.007829690742581219j)
2.8325,(0.00524535621517267-0.14015196054666312j),(0.004576067729861288-0.1316026846116822j),0.0011555893121390902,(0.0006692884853113819-0.008549275934980921j)
2.835,(0.005236130268716653-0.14002882363105273j),(0.008557743008159157-0.1348638750617493j),0.0010614820031113199,(-0.0033216127394425036-0.00516494856930344j)
2.8375,(0.005226928630550385-0.13990590259762134j),(0.004643903410841197-0.12954089958790077j),0.0011490651437017201,(0.0005830252197091884-0.01036500300972057j)
2.84,(0.005217751215392628-0.13978319687994228j),(0.003674816666038028-0.12800624848615594j),0.001123951036818082,(0.0015429345493545997-0.011776948393786346j)
2.8425000000000002,(0.005208597938335679-0.13966070591356605j),(0.0038324015881645835-0.1336894702952165j),0.0009856742390683684,(0.0013761963501710953-0.005971235618349557j)
2.845,(0.005199468714843312-0.13953842913601133j),(0.0032001363646015587-0.13013159714564j),0.0010704223059562637,(0.001999332350241753-0.009406831990371345j)
2.8475,(0.005190363460748804-0.1394163659867569j),(-0.0006789056931091795-0.1290541554703155j),0.0010724518030287684,(0.0058692691538579835-0.0103622105164414j)
2.85,(0.0051812820922532725-0.13929451590723269j),(0.0020402254524608697-0.1292928641799764j),0.001217177012700419,(0.003141056639792403-0.010001651727256283j)
2.8525,(0.005172224525923436-0.1391728783408116j),(0.007633037660872606-0.12776731007482003j),0.0010458941973574775,(-0.00246081313494917-0.011405568265991567j)
2.855,(0.0051631906786898255-0.13905145273280095j),(0.005147879520400213-0.13062520155724175j),0.0009880505577314956,(1.531115828961281e-05-0.008426251175559202j)
2.8575,(0.005154180467844897-0.13893023853043407j),(0.005950772887829127-0.1281827714144408j),0.0012186304898144638,(-0.0007965924199842302-0.010747467115993281j)
2.86,(0.005145193811041147-0.13880923518286212j),(0.0055827404212473895-0.1295219910218821j),0.0011573997804310556,(-0.00043754661020624277-0.009287244160980007j)
2.8625000000000003,(0.00513623062628915-0.13868844214114565j),(0.009313765824923107-0.12997102146880254j),0.0010844266552408116,(-0.004177535198633957-0.008717420672343101j)
2.865,(0.005127290831955811-0.13856785885824635j),(0.0048361683280745095-0.13307459212218353j),0.001104661741946475,(0.0002911225038813017-0.0054932667360628185j)
2.8675,(0.00511837434676245-0.1384474847890187j),(0.006699742582607035-0.13137789861870966j),0.0011208098485879629,(-0.0015813682358445857-0.0070695861703090335j)
2.87,(0.005109481089782883-0.13832731939020226j),(0.008268878427253852-0.12611979279655983j),0.0011679331560092109,(-0.003159397337470969-0.012207526593642437j)
2.8725,(0.005100610980441839-0.13820736212041304j),(0.004923768976360946-0.1263308545265122j),0.0012833003398414608,(0.0001768420040808927-0.011876507593900854j)
2.875,(0.0050917639385127-0.1380876124401358j),(0.007644468224164804-0.12746306765665374j),0.001170196383021596,(-0.002552704285652104-0.010624544783482043j)
2.8775,(0.00508293988411624-0.13796806981171555j),(0.002147091553545516-0.13124397692071463j),0.0013268166239718392,(0.002935848330570724-0.006724092891000927j)
2.88,(0.005074138737718394-0.13784873369935022j),(0.008245258067770699-0.12843204307880635j),0.001180347594897381,(-0.003171119330052305-0.009416690620543872j)
2.8825,(0.005065360420128577-0.13772960356908193j),(0.006876253725440118-0.12947215476474616j),0.0009696488971856392,(-0.0018108933053115409-0.008257448804335765j)
2.8850000000000002,(0.005056604852498109-0.1376106788887896j),(-0.0003861836661617611-0.12767257437782412j),0.0012228518944162098,(0.00544278851865987-0.009938104510965495j)
2.8875,(0.005047871956318083-0.13749195912818096j),(0.003309038195820848-0.1264656494525906j),0.0010197647709064856,(0.0017388337604972346-0.011026309675590373j)
2.89,(0.005039161653417885-0.13737344375878463j),(0.003995135753048577-0.12933926619011976j),0.0013087759889053247,(0.0010440259003693083-0.008034177568664869j)
2.8925,(0.00503047386596352-0.13725513225394248j),(0.0025393111052878625-0.1257976600213111j),0.0011189904105624953,(0.0024911627606756578-0.011457472232631383j)
2.895,(0.005021808516455571-0.13713702408880138j),(0.008081899402655033-0.12938601058328567j),0.0010085042282887745,(-0.0030600908861994616-0.007751013505515714j)
2.8975,(0.0050131655277276315-0.13701911874030612j),(0.004572445130326102-0.12765821879325406j),0.001313996813786787,(0.00044072039740152957-0.009360899947052054j)
2.9,(0.005004544822944604-0.13690141568719172j),(0.007621594600917056-0.12239581390040602j),0.0009799832894902083,(-0.0026170497779724527-0.014505601786785699j)
2.9025,(0.004995946325600978-0.13678391440997506j),(0.004483158333980022-0.12419909184898138j),0.0011204037050321573,(0.0005127879916209561-0.012584822560993678j)
2.9050000000000002,(0.00498736995951924-0.13666661439094804j),(0.0020287173219315103-0.12907724637524817j),0.0009467815604982915,(0.00295865263758773-0.007589368015699871j)
2.9075,(0.004978815648848016-0.13654951511416957j),(0.007289972011221937-0.12631826940315247j),0.0009977473254369703,(-0.0023111563623739208-0.010231245711017106j)
2.91,(0.0049702833180603955-0.1364326160654583j),(0.004039565279242128-0.1260171543755087j),0.0010296129423729367,(0.0009307180388182677-0.010415461689949612j)
2.9125,(0.004961772891952474-0.13631591673238513j),(-0.0006518762377723808-0.12542418172191522j),0.0011165218526114204,(0.005613649129724855-0.010891735010469916j)
2.915,(0.004953284295641516-0.1361994166042654j),(0.006042070346929151-0.12669900719917324j),0.0009229495999040826,(-0.0010887860512876352-0.00950040940509217j)
2.9175,(0.004944817454564303-0.13608311517215219j),(0.0035217549591038773-0.1252521013814344j),0.0010668238809269492,(0.0014230624954604254-0.010831013790717797j)
2.92,(0.004936372294475647-0.13596701192882807j),(0.010397266504515142-0.1252704159755801j),0.0010258272159947533,(-0.005460894210039495-0.010696595953247956j)
2.9225,(0.004927948741446671-0.13585110636879832j),(0.0021680343251319913-0.12722895901911233j),0.0013364280751590018,(0.00275991441631468-0.008622147349685999j)
2.9250000000000003,(0.004919546721863013-0.13573539798828385j),(0.005173610700106629-0.12744483533928588j),0.0011513206859480717,(-0.000254063978243616-0.008290562648997968j)
2.9275,(0.004911166162423771-0.13561988628521326j),(0.0015639247415282906-0.12368940802482889j),0.0011348084494832806,(0.0033472414208954807-0.011930478260384375j)
2.93,(0.004902806990139184-0.13550457075921604j),(0.006348350710345889-0.1269546681352951j),0.001089368476998897,(-0.0014455437202067047-0.00854990262392094j)
2.9325,(0.004894469132329593-0.13538945091161536j),(0.008061753933530516-0.12504412245625898j),0.0012044296110760976,(-0.0031672848012009236-0.010345328455356378j)
2.935,(0.004886152516623668-0.13527452624542097j),(0.0036148563103448866-0.12880648010954848j),0.0010583959855903333,(0.0012712962062787813-0.006468046135872485j)
2.9375,(0.004877857070956795-0.1351597962653218j),(0.008577051738413496-0.12552615213877796j),0.0010326587990210636,(-0.0036991946674567004-0.009633644126543828j)
2.94,(0.004869582723569579-0.13504526047767917j),(0.005535980233601571-0.1238575382563536j),0.0010874522994436563,(-0.0006663975100319915-0.01118772222132558j)
2.9425,(0.004861329403006281-0.13493091839051977j),(0.003297335623533404-0.12443104462269053j),0.0011457848502795724,(0.0015639937794728774-0.010499873767829238j)
2.945,(0.0048530970381134055-0.13481676951352833j),(0.005728615359221017-0.12143930546426937j),0.0011488776914858787,(-0.0008755183211076115-0.013377464049258964j)
2.9475000000000002,(0.004844885558037777-0.134702813358041j),(-0.0004910799466704952-0.12700885390855426j),0.0010126449149380893,(0.0053359655047082715-0.007693959449486726j)
2.95,(0.00483669489222556-0.13458904943703806j),(0.004619799385072569-0.1238523035402341j),0.0010892620719051053,(0.00021689550715299055-0.010736745896803956j)
2.9525,(0.004828524970420392-0.13447547726513764j),(0.002589486419775998-0.12437175526834372j),0.0010976333755184067,(0.0022390385506443943-0.010103721996793921j)
2.955,(0.0048203757226618895-0.13436209635858792j),(0.004725934746536176-0.12446918728750847j),0.0012108631270606406,(9.444097612571357e-05-0.009892909071079453j)
2.9575,(0.004812247079284286-0.13424890623526123j),(0.007192927933002829-0.12447724370793033j),0.0010588314632232797,(-0.0023806808537185425-0.009771662527330902j)
2.96,(0.004804138970914837-0.1341359064146466j),(0.004112975963475428-0.1193703270405873j),0.0010152467276662725,(0.0006911630074394083-0.014765579374059298j)
2.9625,(0.004796051328472492-0.1340230964178434j),(0.002113500558008086-0.1259283580724607j),0.001114324787321137,(0.0026825507704644064-0.008094738345382713j)
2.965,(0.004787984083166241-0.1339104757675543j),(0.0024982665076133583-0.12248040960519137j),0.001125443043330627,(0.0022897175755528824-0.011430066162362931j)
2.9675000000000002,(0.004779937166493694-0.13379804398807885j),(0.00709586689065598-0.12068407236129668j),0.001220872698286645,(-0.0023159297241622852-0.01311397162678217j)
2.97,(0.004771910510239869-0.13368580060530658j),(-0.0008866464031304927-0.12586070441252215j),0.001037866616774532,(0.005658556913370362-0.007825096192784431j)
2.9725,(0.004763904046475277-0.13357374514671047j),(0.005462634819015457-0.1216467666861217j),0.0012375235362377948,(-0.0006987307725401801-0.011926978460588766j)
2.975,(0.0047559177075549705-0.1334618771413405j),(0.008762153002215002-0.1240558639275717j),0.0010704589869905989,(-0.004006235294660032-0.009406013213768799j)
2.9775,(0.0047479514261169-0.13335019611981672j),(0.004183009320751457-0.12287419025987653j),0.0008411981242315576,(0.0005649421053654426-0.010476005859940185j)
2.98,(0.0047400051350803265-0.13323870161432325j),(0.008539166297635448-0.1208838225543774j),0.0010457391974393923,(-0.003799161162555122-0.012354879059945853j)
2.9825,(0.0047320787676447896-0.13312739315860117j),(0.005209794847219392-0.12296548218043503j),0.001069393726667191,(-0.00047771607957460254-0.010161910978166142j)
2.985,(0.0047241722572883785-0.13301627028794252j),(0.008592231497999146-0.12167360889343208j),0.001127893335912233,(-0.0038680592407107674-0.011342661394510442j)
2.9875000000000003,(0.004716285537766605-0.13290533253918374j),(0.0062099678934557905-0.12859833178690241j),0.0010418715870457915,(-0.0014936823556891852-0.004307000752281326j)
2.99,(0.004708418543110713-0.13279457945069914j),(0.005182326879017476-0.12437286768010129j),0.001060398542106891,(-0.0004739083359067628-0.008421711770597848j)
2.9925,(0.004700571207626591-0.13268401056239468j),(0.004011572029396106-0.12555581071185448j),0.0010764800632725629,(0.0006889991782304851-0.0071281998505401956j)
2.995,(0.004692743465893193-0.13257362541570158j),(0.008763165742442522-0.12303441107180804j),0.0010511058877937002,(-0.004070422276549329-0.009539214343893543j)
2.9975,(0.004684935252761339-0.13246342355357005j),(0.005755386148371138-0.1168946106498344j),0.0010850819924274522,(-0.0010704508956097987-0.015568812903735643j)
3.0,(0.004677146503352323-0.13235340452046274j),(0.0005242632816564312-0.12179897085541455j),0.0012476796909007442,(0.004152883221695891-0.010554433665048185j)
3.0025,(0.004669377153056335-0.13224356786234912j),(0.004532692629650373-0.12411188006905242j),0.0012359730965487746,(0.00013668452340596157-0.00813168779329669j)
3.005,(0.004661627137531495-0.13213391312669834j),(0.006027342927773786-0.11917724758898858j),0.0011873876045617538,(-0.0013657157902422917-0.012956665537709758j)
3.0075000000000003,(0.004653896392702432-0.1320244398624742j),(0.0028706050447253224-0.1229659796509276j),0.0013366282655171444,(0.0017832913479771091-0.00905846021154659j)
3.0100000000000002,(0.004646184854758592-0.13191514762012813j),(0.008001078972957964-0.1187069890873876j),0.001122009141492214,(-0.003354894118199372-0.01320815853274053j)
3.0125,(0.004638492460153468-0.13180603595159301j),(0.008328268367806056-0.11963784154347645j),0.001071831008320777,(-0.003689775907652588-0.012168194408116562j)
3.015,(0.00463081914560292-0.13169710441027782j),(0.006172260536819237-0.12222187940561867j),0.0010752685217626124,(-0.0015414413912163173-0.009475225004659152j)
3.0175,(0.0046231648480839806-0.131588352551061j),(0.006623539999765158-0.11720550999511418j),0.001110566443399047,(-0.0020003751516811776-0.01438284255594681j)
3.02,(0.0046155295048335805-0.1314797799302844j),(0.006129479529570843-0.12108093580468275j),0.0012289957207247083,(-0.0015139500247372626-0.010398844125601645j)
3.0225,(0.004607913053347337-0.1313713861057476j),(0.005544178050677277-0.11794736479938235j),0.0012332883979483433,(-0.00093626499732994-0.01342402130636526j)
3.025,(0.004600315431378138-0.13126317063670173j),(0.0007859519744202851-0.11973051511920066j),0.0012601383720568394,(0.003814363456957853-0.011532655517501073j)
3.0275,(0.004592736576934876-0.13115513308384363j),(0.0031864785568624745-0.11819371616081137j),0.001055873635226876,(0.0014062580200724013-0.012961416923032265j)
3.0300000000000002,(0.004585176428281316-0.13104727300930985j),(0.0036716550334292904-0.12058804050995621j),0.0011827392918438873,(0.0009135213948520252-0.01045923249935364j)
3.0325,(0.004577634923934805-0.13093958997667066j),(0.004973130041271997-0.12082666331743169j),0.0011266870175640899,(-0.0003954951173371921-0.010112926659238963j)
3.035,(0.0045701120026647845-0.13083208355092452j),(0.0041225939520302055-0.12089781131052536j),0.0010407000673023311,(0.00044751805063457904-0.009934272240399153j)
3.0375,(0.004562607603491997-0.13072475329849187j),(0.002620909388471335-0.12229514127695382j),0.0009760898714464321,(0.0019416982150206618-0.008429612021538052j)
3.04,(0.004555121665686866-0.13061759878720972j),(0.005289644999958851-0.1200836929989376j),0.0011564692050359258,(-0.000734523334271985-0.01053390578827211j)
3.0425,(0.0045476541287683804-0.13051061958632548j),(0.007090649137267788-0.12339678115459198j),0.0012419457617699244,(-0.002542995008499408-0.007113838431733507j)
3.045,(0.004540204932503047-0.13040381526649156j),(0.004657164441207253-0.11874920088570722j),0.0011860790823723217,(-0.00011695950870420618-0.011654614380784342j)
3.0475,(0.004532774016903327-0.1302971853997593j),(0.0030899734959794656-0.11962197690961922j),0.0012694813574388075,(0.001442800520923861-0.010675208490140073j)
3.0500000000000003,(0.004525361322226879-0.13019072955957375j),(0.006034439460489665-0.11667420570864154j),0.0010555095854905335,(-0.0015090781382627854-0.013516523850932216j)
3.0525,(0.004517966788974872-0.13008444732076752j),(0.0039491067898352996-0.12264866570658212j),0.0010412747557267976,(0.0005688599991395728-0.007435781614185399j)
3.055,(0.004510590357891246-0.12997833825955551j),(0.00470216611057334-0.11778911887341346j),0.0011444729767741424,(-0.000191575752682094-0.01218921938614205j)
3.0575,(0.004503231969961155-0.12987240195352914j),(0.002335584647817512-0.12132368122663242j),0.001363514802958898,(0.002167647322143643-0.00854872072689672j)
3.06,(0.004495891566410028-0.12976663798165075j),(0.007342070703818643-0.11716678614605425j),0.0011912790274072656,(-0.0028461791374086148-0.012599851835596504j)
3.0625,(0.004488569088702391-0.12966104592424818j),(-0.0011847826983216183-0.11943140239358697j),0.0012887297442297644,(0.005673351787024009-0.010229643530661206j)
3.065,(0.004481264478540573-0.12955562536300916j),(0.0035209248667042643-0.12008307674990203j),0.0011297539213787292,(0.0009603396118363088-0.009472548613107132j)
3.0675,(0.004473977677863417-0.12945037588097566j),(0.0044594612943516364-0.1176006697612592j),0.0011700320762225908,(1.45163835117805e-05-0.01184970611971646j)
3.0700000000000003,(0.004466708628845744-0.12934529706253875j),(0.0019226340667069153-0.12482021239093456j),0.0009766465721488373,(0.002544074562138829-0.004525084671604188j)
3.0725000000000002,(0.004459457273896322-0.129240388493433j),(0.0038504516658010757-0.11875352024800048j),0.0010550047786679114,(0.0006090056080952466-0.010486868245432518j)
3.075,(0.004452223555657522-0.129135649760731j),(0.0012975208866998005-0.12226955591513018j),0.0009556161489617805,(0.0031547026689577214-0.006866093845600815j)
3.0775,(0.004445007417003706-0.12903108045283793j),(0.0070558844309659375-0.1193784532584053j),0.0011933070233651538,(-0.0026108770139622317-0.00965262719443262j)
3.08,(0.0044378088010403076-0.1289266801594864j),(0.009049603814467243-0.11809082454566182j),0.0010396564669870557,(-0.004611795013426936-0.010835855613824594j)
3.0825,(0.004430627651102541-0.12882244847173097j),(0.005738254920560712-0.1204842590815351j),0.0012567165224605691,(-0.0013076272694581706-0.008338189390195871j)
3.085,(0.004423463910754502-0.12871838498194277j),(0.0019731073814609396-0.12295057214074989j),0.0009113553804243365,(0.0024503565292935624-0.005767812841192876j)
3.0875,(0.0044163175237879465-0.12861448928380442j),(0.003938916869342903-0.11824494126182686j),0.001198262372205894,(0.0004774006544450435-0.010369548021977565j)
3.09,(0.004409188434221119-0.12851076097230454j),(0.005414446450357979-0.12149379023057373j),0.0011253508994361757,(-0.0010052580161368603-0.007016970741730813j)
3.0925000000000002,(0.004402076586297923-0.1284071996437327j),(0.0016660029048779312-0.11716254706297641j),0.0011576246752433475,(0.002736073681419992-0.011244652580756298j)
3.095,(0.004394981924486373-0.12830380489567417j),(0.0033414215032243804-0.11730484059501185j),0.0011588642840639673,(0.0010535604212619926-0.010998964300662314j)
3.0975,(0.004387904393477975-0.1282005763270045j),(-0.0009939823424270026-0.11705521835315345j),0.001155471193520923,(0.005381886735904977-0.011145357973851036j)
3.1,(0.004380843938186473-0.1280975135378848j),(-0.00016616560062568517-0.11884429794399277j),0.0010508903257243141,(0.0045470095388121575-0.009253215593892014j)
3.1025,(0.004373800503746685-0.12799461612975602j),(0.0028202639021545554-0.11556992731334768j),0.0011276519326361798,(0.0015535366015921293-0.012424688816408333j)
3.105,(0.004366774035513602-0.12789188370533447j),(0.008426930939685759-0.1193482149402729j),0.0012156273737479707,(-0.004060156904172157-0.008543668765061574j)
3.1075,(0.004359764479061127-0.1277893158686063j),(0.0050073261923782855-0.1211736918648064j),0.0012859343078889373,(-0.0006475617133171584-0.006615624003799919j)
3.11,(0.0043527717801813215-0.12768691222482265j),(0.006325587430256317-0.11621562541197893j),0.0011678990532444343,(-0.0019728156500749957-0.01147128681284372j)
3.1125000000000003,(0.0043457958848829815-0.1275846723804943j),(0.0016880080711876835-0.11791698397127315j),0.0011986905605701024,(0.0026577878136952978-0.009667688409221165j)
3.115,(0.004338836739390928-0.12748259594338732j),(0.0057890553271496194-0.12100262643924138j),0.001192435751475671,(-0.0014502185877586912-0.006479969504145935j)
3.1175,(0.0043318942901448415-0.127380682522517j),(0.0032662863527954974-0.11502385166602246j),0.001152574352696331,(0.001065607937349344-0.012356830856494541j)
3.12,(0.004324968483798226-0.12727893172814397j),(-0.00034629496365771117-0.11446639009519824j),0.0010401334269068692,(0.004671263447455937-0.012812541632945734j)
3.1225,(0.004318059267217352-0.12717734317176876j),(0.0031814853700784435-0.11964257595500292j),0.0010478466684209905,(0.0011365738971389088-0.007534767216765839j)
3.125,(0.004311166587480238-0.12707591646612687j),(0.006584505686760919-0.11499144877546258j),0.0011558459894155213,(-0.002273339099280681-0.012084467690664291j)
3.1275,(0.004304290391875913-0.12697465122518373j),(0.0013814828605266977-0.11735896067851866j),0.0011482036512566087,(0.002922807531349216-0.00961569054666507j)
3.13,(0.004297430627902861-0.12687354706413032j),(0.004220966133309944-0.11593157494648304j),0.0011169243319350207,(7.646449459291702e-05-0.010941972117647275j)
3.1325000000000003,(0.004290587243268596-0.12677260359937784j),(0.0004406943943082392-0.11387986296521359j),0.0011063898141488622,(0.0038498928489603566-0.012892740634164249j)
3.1350000000000002,(0.004283760185888193-0.12667182044855313j),(0.0005334201871245902-0.11714098149009539j),0.000970907047855724,(0.0037503399987636027-0.009530838958457744j)
3.1375,(0.004276949403883685-0.1265711972304937j),(0.005595831569210392-0.11783812119206477j),0.0011525033101641385,(-0.0013188821653267076-0.008733076038428933j)
3.14,(0.004270154845582965-0.12647073356524322j),(0.003724718034334947-0.1146930130982714j),0.001102572394965795,(0.0005454368112480178-0.011777720466971814j)
3.1425,(0.004263376459518429-0.1263704290740463j),(0.0017940158785317607-0.1155116524689793j),0.0011532840021914027,(0.002469360580986668-0.010858776605066997j)
3.145,(0.004256614194426684-0.12627028337934432j),(0.0037805630002039426-0.11844253423260329j),0.0013486588210793557,(0.0004760511942227411-0.007827749146741031j)
3.1475,(0.004249867999247029-0.12617029610477026j),(0.007160247128008778-0.11774914653370418j),0.0008328735104463037,(-0.002910379128761749-0.008421149571066086j)
3.15,(0.004243137823120738-0.12607046687514417j),(0.0023484128784109406-0.1140091692370716j),0.0009744156231070057,(0.0018947249447097978-0.012061297638072566j)
3.1525,(0.0042364236153900415-0.12597079531646843j),(0.0040690402015411044-0.12068164567956646j),0.0013277757660006809,(0.000167383413848937-0.005289149636901969j)
3.1550000000000002,(0.004229725325597121-0.12587128105592355j),(0.00348642423783808-0.11491707686886712j),0.0012067178954443553,(0.0007433010877590405-0.010954204187056421j)
3.1575,(0.004223042903483348-0.12577192372186266j),(0.003162226079612467-0.11339059218500876j),0.0013986762854290042,(0.0010608168238708808-0.012381331536853904j)
3.16,(0.004216376298988165-0.1256727229438077j),(0.0040469815184776626-0.11469900252507843j),0.0012438285640330694,(0.00016939478051050238-0.01097372041872928j)
3.1625,(0.004209725462248207-0.12557367835244462j),(0.004178809823136974-0.1137533428067529j),0.001038140335167352,(3.091563911123297e-05-0.01182033554569173j)
3.165,(0.004203090343596245-0.12547478957961847j),(0.0015063224982128987-0.11423562584182845j),0.0009059461043388714,(0.002696767845383346-0.01123916373779002j)
3.1675,(0.004196470893560568-0.1253760562583294j),(0.001296756549888594-0.11680563518681733j),0.001117186190726547,(0.0028997143436719744-0.008570421071512069j)
3.17,(0.004189867062863863-0.12527747802272762j),(-4.951702129665173e-06-0.11367902408278874j),0.0010640809459374295,(0.004194818764993528-0.011598453939938885j)
3.1725,(0.0041832788024221265-0.12517905450810926j),(-0.001251841918084832-0.11493006778487364j),0.0008246257345697317,(0.005435120720506959-0.010248986723235626j)
3.1750000000000003,(0.004176706063344171-0.125080785350912j),(0.0007938490885670609-0.11404065013822172j),0.000958563937717649,(0.0033828569747771098-0.011040135212690275j)
3.1775,(0.004170148796930231-0.12498267018871012j),(0.004886429563414458-0.11956188220497954j),0.0011575111769764452,(-0.0007162807664842265-0.0054207879837305795j)
3.18,(0.00416360695467162-0.12488470866021047j),(0.005223390563858392-0.11737815589079427j),0.0010024759691879422,(-0.0010597836091867721-0.007506552769416197j)
3.1825,(0.004157080488249341-0.12478690040524791j),(0.004588644416709498-0.11423116143821517j),0.0012584455053427186,(-0.0004315639284601571-0.01055573896703274j)
3.185,(0.004150569349533398-0.12468924506478092j),(0.008123135840817601-0.11385142570741208j),0.001056618622958824,(-0.003972566491284204-0.010837819357368841j)
3.1875,(0.004144073490581948-0.12459174228088722j),(0.005958173693846387-0.11228697639623653j),0.0009625179186650985,(-0.001814100203264439-0.012304765884650695j)
3.19,(0.004137592863640381-0.1244943916967596j),(0.00700629868098967-0.11042899023128142j),0.0009833356171783374,(-0.002868705817349289-0.014065401465478189j)
3.1925,(0.00413112742114038-0.12439719295670118j),(0.0025230578409049294-0.11275042318068539j),0.0011807030754239622,(0.0016080695802354501-0.011646769776015795j)
3.1950000000000003,(0.004124677115699127-0.12430014570612163j),(0.0035036787347142756-0.11610637736158674j),0.001145799004000295,(0.0006209983809848511-0.00819376834453489j)
3.1975000000000002,(0.004118241900118489-0.12420324959153242j),(0.003664261595065279-0.11082002884744313j),0.0010586186455187828,(0.0004539803050532102-0.013383220744089291j)
3.2,(0.004111821727383971-0.12410650426054266j),(0.00978483401167703-0.1134785703690013j),0.0010800885493308324,(-0.005673012284293059-0.01062793389154136j)
3.2025,(0.004105416550664-0.12400990936185502j),(0.0015892970820717616-0.11319448074179445j),0.0012931177880563787,(0.0025161194685922386-0.010815428620060574j)
3.205,(0.004099026323309088-0.12391346454526145j),(0.002128505739065712-0.11301477861468627j),0.0009762561468017214,(0.0019705205842433762-0.010898685930575178j)
3.2075,(0.004092650998850826-0.1238171694616387j),(0.002010217374343774-0.11025383571513263j),0.0013185148212909708,(0.0020824336245070514-0.013563333746506076j)
3.21,(0.004086290531001265-0.12372102376294455j),(0.002290776510030333-0.10779863262836728j),0.0011254899018751231,(0.0017955140209709318-0.015922391134577274j)
3.2125,(0.004079944873652-0.12362502710221322j),(0.004418290337022761-0.11220329992239254j),0.0010720345844332554,(-0.00033834546337076134-0.011421727179820679j)
3.215,(0.004073613980873108-0.12352917913355158j),(0.002645699123906626-0.11716400993715906j),0.0009568457999607015,(0.001427914856966482-0.006365169196392517j)
3.2175000000000002,(0.004067297806912745-0.12343347951213468j),(0.0032290523518280463-0.11425985773538884j),0.0011252606747238852,(0.0008382454550846987-0.009173621776745841j)
3.22,(0.004060996306195839-0.12333792789420195j),(0.009475398847983615-0.11529886634557195j),0.0010291690880815947,(-0.005414402541787776-0.008039061548630003j)
3.2225,(0.004054709433323642-0.12324252393705275j),(0.004799941745937723-0.11220218910228652j),0.0011417066895446073,(-0.0007452323126140815-0.011040334834766227j)
3.225,(0.004048437143072896-0.1231472672990427j),(0.0048668316099706975-0.11425501288229496j),0.0012404147172337678,(-0.0008183944668978017-0.008892254416747736j)
3.2275,(0.0040421793903946835-0.12305215763957936j),(0.004132737216981669-0.11319389210874727j),0.0010810396435950364,(-9.055782658698528e-05-0.009858265530832092j)
3.23,(0.004035936130414001-0.12295719461911811j),(0.002590579164619909-0.11348154057028198j),0.001186985410117906,(0.0014453569657940923-0.00947565404883613j)
3.2325,(0.004029707318428741-0.12286237789915838j),(0.0026302755024002335-0.11049221071071158j),0.00120308475221971,(0.0013994318160285078-0.012370167188446801j)
3.235,(0.00402349290990899-0.12276770714223943j),(-8.679614569058073e-05-0.11102087998222615j),0.0012755842659241034,(0.0041102890555995706-0.011746827160013282j)
3.2375000000000003,(0.004017292860496185-0.1226731820119366j),(0.008439570761952965-0.11042937497366896j),0.0009694179715985787,(-0.0044222779014567795-0.012243807038267635j)
3.24,(0.004011107126002308-0.12257880217285701j),(-0.0005191533998078654-0.11078609966301892j),0.0011242365651071113,(0.0045302605258101735-0.01179270250983809j)
3.2425,(0.004004935662409183-0.12248456729063585j),(0.0026562643360133528-0.11154370890739929j),0.0009918703621696705,(0.0013486713263958306-0.010940858383236565j)
3.245,(0.003998778425867505-0.12239047703193257j),(0.0038916682818526-0.1086464651227j),0.0012487755474210349,(0.00010711014401490514-0.013744011909232565j)
3.2475,(0.003992635372696417-0.12229653106442653j),(0.00897730334443527-0.10931250997659055j),0.0011370707787618831,(-0.0049846679717388525-0.012984021087835987j)
3.25,(0.0039865064593823125-0.12220272905681355j),(-0.0009181224123207924-0.11010988354595921j),0.0012926043396313835,(0.004904628871703105-0.012092845510854336j)
3.2525,(0.003980391642578379-0.12210907067880174j),(0.0013504187881009655-0.11326100977975752j),0.00119348019267151,(0.0026299728544774137-0.008848060899044219j)
3.255,(0.003974290879103686-0.12201555560110779j),(0.005449215733214-0.10839606191409411j),0.0012400122289949408,(-0.0014749248541103144-0.013619493687013678j)
3.2575000000000003,(0.003968204125942422-0.12192218349545317j),(-0.001072557489355892-0.11393805924636788j),0.0011971731915014715,(0.0050407616152983135-0.00798412424908529j)
3.2600000000000002,(0.003962131340243281-0.12182895403456011j),(0.004993601223759252-0.10977472539411809j),0.0010808368092489976,(-0.0010314698835159706-0.012054228640442019j)
3.2625,(0.003956072479318491-0.12173586689214784j),(0.0032367881354630297-0.11200321811251997j),0.0010113425717701138,(0.0007192843438554612-0.009732648779627873j)
3.265,(0.003950027500643242-0.12164292174292911j),(0.0014776674079354391-0.10823843493228542j),0.0010541832436760591,(0.002472360092707803-0.013404486810643684j)
3.2675,(0.003943996361854847-0.1215501182626059j),(0.004987491512466758-0.10784646268380868j),0.000966940751280888,(-0.0010434951506119112-0.013703655578797214j)
3.27,(0.003937979020752074-0.12145745612786615j),(0.005063735992496199-0.10734052904539526j),0.00117317413829753,(-0.0011257569717441247-0.014116927082470893j)
3.2725,(0.003931975435294363-0.12136493501637957j),(0.007802711039899467-0.10739264359878829j),0.0010478659549668667,(-0.003870735604605104-0.013972291417591279j)
3.275,(0.003925985563600903-0.12127255460679441j),(-0.00024347663668640662-0.11170850454456423j),0.001083779157628743,(0.00416946220028731-0.009564050062230184j)
3.2775,(0.003920009363950472-0.1211803145787334j),(0.006423307460944924-0.11154108660234002j),0.0010127426421525948,(-0.0025032980969944526-0.009639227976393383j)
3.2800000000000002,(0.003914046794779948-0.12108821461279012j),(0.003931824153079924-0.10854546380951886j),0.0011455167687292212,(-1.7777358299976564e-05-0.01254275080327126j)
3.2825,(0.003908097814684243-0.12099625439052537j),(0.00220131368192493-0.10952358594803428j),0.0009320666388530309,(0.001706784132759313-0.01147266844249109j)
3.285,(0.003902162382415151-0.12090443359446372j),(2.3803548891636284e-05-0.11534210991000396j),0.001381649329146286,(0.0038783588335235147-0.005562323684459761j)
3.2875,(0.003896240456880892-0.12081275190808921j),(-0.001525137443109327-0.10922970828284818j),0.0012083905499468506,(0.005421377899990219-0.011583043625241027j)
3.29,(0.00389033199714528-0.1207212090158427j),(0.008632172136290845-0.1120681815895466j),0.0011473975126448151,(-0.0047418401391455655-0.008653027426296103j)
3.2925,(0.0038844369624270354-0.12062980460311755j),(0.004717647425207533-0.1132396927720043j),0.0011597791308214042,(-0.000833210462780498-0.007390111831113252j)
3.295,(0.003878555312099064-0.1205385383562561j),(-0.0004474818867203294-0.10877731439617692j),0.0012143099170832342,(0.004326037198819394-0.01176122396007917j)
3.2975,(0.0038726870056879675-0.12044740996254635j),(0.005389605591224426-0.10743568534434651j),0.0011049291113520378,(-0.0015169185855364582-0.01301172461819984j)
3.3000000000000003,(0.003866832002872788-0.1203564191102184j),(-0.0005050813562574284-0.1087994604841857j),0.0011699876017597418,(0.004371913359130217-0.01155695862603269j)
3.3025,(0.003860990263485097-0.12026556548844054j),(0.0055260537308166584-0.10794060747366979j),0.0009851539153907833,(-0.0016650634673315615-0.012324958014770751j)
3.305,(0.0038551617475076835-0.12017484878731627j),(0.00252468348823304-0.10913808537468411j),0.0008706404218785847,(0.0013304782592746434-0.011036763412632156j)
3.3075,(0.0038493464150741053-0.12008426869788025j),(0.006134376051243312-0.1116813201434447j),0.001007762094123878,(-0.0022850296361692068-0.008402948554435546j)
3.31,(0.0038435442264681038-0.11999382491209515j),(0.002816216770423213-0.10975182075887924j),0.0009780501771892761,(0.0010273274560448908-0.010242004153215911j)
3.3125,(0.003837755142122693-0.11990351712284811j),(0.0008660096104764627-0.11388136716747241j),0.0009351096609406894,(0.00297174553164623-0.0060221499553757j)
3.315,(0.0038319791226195947-0.1198133450239473j),(-0.0017913196190871528-0.10630617357125305j),0.0011132339479150168,(0.005623298741706748-0.013507171452694255j)
3.3175,(0.003826216128688809-0.11972330831011818j),(0.00024171008285684166-0.11167332540415505j),0.0011036314054825708,(0.0035845060458319675-0.008049982905963135j)
3.3200000000000003,(0.0038204661212074384-0.11963340667700066j),(0.008747756494109802-0.10709629500662034j),0.0010955545924156164,(-0.004927290372902364-0.012537111670380324j)
3.3225000000000002,(0.0038147290611995122-0.11954363982114513j),(0.0015945840311140198-0.10639324243348681j),0.0011442714289392082,(0.0022201450300854924-0.013150397387658316j)
3.325,(0.003809004909834889-0.11945400744000927j),(0.0042208698879311465-0.1086620324797597j),0.0010758194387794284,(-0.0004118649780962577-0.01079197496024957j)
3.3275,(0.003803293628429189-0.11936450923195462j),(0.007092483246066903-0.10831358343856001j),0.0010126340645748746,(-0.003289189617637714-0.011050925793394603j)
3.33,(0.0037975951784424544-0.11927514489624334j),(0.003995267709531435-0.10896834070734478j),0.0012672672055742162,(-0.00019767253108898038-0.010306804188898566j)
3.3325,(0.0037919095214790054-0.11918591413303488j),(0.0013883076735090928-0.10846765119638428j),0.001129160710636949,(0.0024036018479699126-0.010718262936650597j)
3.335,(0.0037862366192865787-0.11909681664338229j),(0.0034536233940710833-0.10987718735626514j),0.0009272380722897569,(0.0003326132252154954-0.009219629287117143j)
3.3375,(0.0037805764337556984-0.11900785212922932j),(0.0034552509570323097-0.1040612331335355j),0.0010845588633907543,(0.00032532547672338864-0.014946618995693814j)
3.34,(0.0037749289269191754-0.11891902029340665j),(0.0015584862003911529-0.10891724166528781j),0.0011040794460824112,(0.0022164427265280225-0.010001778628118838j)
3.3425000000000002,(0.003769294060951242-0.11883032083962937j),(-0.00015186144036482679-0.10962192036095142j),0.0010056639011617886,(0.003921155501316069-0.00920840047867795j)
3.345,(0.003763671798167063-0.11874175347249262j),(0.00411526293300927-0.108864775170205j),0.0010593418599747204,(-0.00035159113484220733-0.00987697830228762j)
3.3475,(0.003758062101022113-0.11865331789746936j),(0.004715163115935504-0.10882775974613798j),0.0012111967877218896,(-0.000957101014913391-0.009825558151331376j)
3.35,(0.003752464932111558-0.11856501382090641j),(0.003155310244026039-0.10877627762832641j),0.0011534681801163129,(0.000597154688085519-0.00978873619258j)
3.3525,(0.0037468802541695263-0.11847684095002142j),(-0.0024520524883520868-0.10958864592645816j),0.0011246939856319601,(0.006198932742521613-0.008888195023563264j)
3.355,(0.003741308030068581-0.11838879899289999j),(0.00607034774374188-0.10652115689936599j),0.0010955335012753683,(-0.002329039713673299-0.011867642093533998j)
3.3575,(0.0037357482228190845-0.11830088765849195j),(0.004825579712922086-0.10802394011129068j),0.0011837037346984459,(-0.0010898314901030015-0.010276947547201265j)
3.36,(0.0037302007955684734-0.11821310665660816j),(0.004355670180289506-0.10440539043844721j),0.0012044023687408905,(-0.0006254693847210328-0.013807716218160945j)
3.3625000000000003,(0.0037246657116010717-0.11812545569791806j),(0.003366229252496397-0.11268753427254208j),0.0010835860650199181,(0.0003584364591046746-0.005437921425375983j)
3.365,(0.003719142934336783-0.11803793449394556j),(0.004021911457228014-0.10706486800206694j),0.0012326007017025395,(-0.0003027685228912309-0.010973066491878625j)
3.3675,(0.0037136324273311905-0.11795054275706654j),(0.0071271390058437155-0.10608569675804042j),0.0011022433094512495,(-0.003413506578512525-0.011864845999026125j)
3.37,(0.0037081341542743954-0.1178632802005054j),(-0.000333338178624076-0.1045963386811477j),0.0010673009162420817,(0.004041472332898472-0.0132669415193577j)
3.3725,(0.00370264807899078-0.11777614653833217j),(0.0025409360302393676-0.1063219658675045j),0.0010822244331828265,(0.0011617120487514123-0.011454180670827666j)
3.375,(0.0036971741654383515-0.11768914148545895j),(0.005761330132576757-0.10411159642247497j),0.0013186335677014323,(-0.0020641559671384056-0.013577545062983976j)
3.3775,(0.003691712377708077-0.11760226475763748j),(0.002841344867706394-0.10491506827822432j),0.0010873066989028136,(0.0008503675100016827-0.01268719647941316j)
3.38,(0.003686262680023091-0.11751551607145534j),(0.004636562755353362-0.10705261542899215j),0.001109279025532335,(-0.0009503000753302709-0.010462900642463191j)
3.3825000000000003,(0.003680825036738671-0.11742889514433362j),(0.0045814716347384295-0.10364089760954485j),0.0011376690953905785,(-0.0009006465979997584-0.013787997534788765j)
3.3850000000000002,(0.00367539941234106-0.11734240169452329j),(0.0031887223554542773-0.10808144423862663j),0.0013461619937143552,(0.00048667705688678264-0.009260957455896654j)
3.3875,(0.0036699857714473723-0.11725603544110223j),(0.0038899179050262134-0.10442794644143472j),0.001201613371087715,(-0.00021993213357884107-0.012828088999667517j)
3.39,(0.003664584078804578-0.11716979610397243j),(0.004626490114499822-0.10804750652105932j),0.00103107853111634,(-0.0009619060356952443-0.009122289582913112j)
3.3925,(0.003659194299289207-0.11708368340385705j),(0.0005267812021609053-0.10254765290502897j),0.00089772522293054,(0.0031324130971283016-0.014536030498828081j)
3.395,(0.0036538163979068323-0.11699769706229683j),(0.003588864893050956-0.10546673092081045j),0.0012001115873942186,(6.495150485587645e-05-0.011530966141486382j)
3.3975,(0.0036484503397912296-0.11691183680164795j),(0.006271297337458479-0.1082712191773475j),0.0012253877110123775,(-0.0026228469976672495-0.008640617624300448j)
3.4,(0.003643096090204043-0.1168261023450782j),(-0.0006198575740176519-0.10406182084001296j),0.0010548602246433923,(0.004262953664221695-0.012764281505065242j)
3.4025,(0.0036377536145341762-0.11674049341656469j),(0.00252706339354735-0.10173210101969309j),0.0011045859689789192,(0.0011106902209868262-0.0150083923968716j)
3.4050000000000002,(0.003632422878297083-0.11665500974089048j),(0.004750341690122963-0.10629750560370363j),0.000968074558494791,(-0.0011179188118258803-0.010357504137186849j)
3.4075,(0.0036271038471344936-0.11656965104364193j),(0.0035316830811931333-0.10475795761810189j),0.001198918007276942,(9.542076594136039e-05-0.011811693425540046j)
3.41,(0.0036217964868136133-0.11648441705120549j),(0.0035586339445121034-0.10169843037959096j),0.0010071570194457148,(6.316254230150998e-05-0.014785986671614529j)
3.4125,(0.003616500763226719-0.11639930749076517j),(0.003543858403761461-0.10200746363656245j),0.0012773366668364225,(7.264235946525827e-05-0.014391843854202724j)
3.415,(0.003611216642390433-0.11631432209029903j),(0.006074174423846041-0.10561815354370727j),0.0009330636538049635,(-0.0024629577814556077-0.010696168546591764j)
3.4175,(0.003605944090445444-0.11622946057857703j),(-0.0003871984313977164-0.10103946407855274j),0.0009647433967025909,(0.003993142521843161-0.015189996500024283j)
3.42,(0.0036006830736557568-0.11614472268515764j),(0.003668409287129481-0.10351349682591454j),0.0012803266948579,(-6.77262134737241e-05-0.012631225859243103j)
3.4225,(0.0035954335584081937-0.11606010814038509j),(0.0020294133267202905-0.10405482895289885j),0.0011593653595778162,(0.0015660202316879032-0.012005279187486242j)
3.4250000000000003,(0.0035901955112119825-0.1159756166753867j),(0.001320240247282059-0.10734756645067092j),0.0010657873450961384,(0.0022699552639299236-0.008628050224715772j)
3.4275,(0.0035849688986979884-0.11589124802206978j),(0.0018531563548465307-0.10678245009677932j),0.0012004457882573846,(0.0017318125438514577-0.009108797925290457j)
3.43,(0.003579753687618415-0.11580700191311903j),(0.00495014905850362-0.10432999440920396j),0.0013033941218026984,(-0.0013703953708852053-0.011477007503915074j)
3.4325,(0.003574549844846199-0.11572287808199358j),(0.007070069361453761-0.10311612293177624j),0.001193833140716197,(-0.003495519516607562-0.012606755150217336j)
3.435,(0.003569357337374344-0.11563887626292421j),(-0.00097285665434588-0.10234777529386095j),0.0012026997326059139,(0.004542213991720224-0.01329110096906326j)
3.4375,(0.0035641761323156225-0.11555499619091074j),(0.006084801382166609-0.09890299640392608j),0.001195573694335665,(-0.0025206252498509866-0.01665199978698466j)
3.44,(0.0035590061969019457-0.11547123760171893j),(0.002567312128676767-0.10640029307942073j),0.0012054037066853431,(0.0009916940682251785-0.009070944522298202j)
3.4425,(0.003553847498483766-0.11538760023187791j),(0.0036720296431432364-0.1057322420710345j),0.0012241295177982405,(-0.00011818214465947026-0.00965535816084341j)
3.4450000000000003,(0.0035487000045297747-0.11530408381867759j),(0.005922508003625204-0.1037241782083481j),0.0011404343584576382,(-0.0023738079990954296-0.011579905610329483j)
3.4475000000000002,(0.0035435636826262637-0.11522068810016554j),(0.006905024626121579-0.10204067223468641j),0.001006363038899096,(-0.0033614609434953154-0.013180015865479136j)
3.45,(0.003538438500476453-0.11513741281514461j),(0.0021163144438481477-0.10280419831555483j),0.0009713608805066525,(0.0014221240566283052-0.012333214499589781j)
3.4525,(0.0035333244259002903-0.11505425770316993j),(0.00482145030397724-0.1036334216863597j),0.0011647322475277398,(-0.0012881258780769495-0.011420836016810237j)
3.455,(0.0035282214268337843-0.1149712225045465j),(0.004012573540459414-0.10317076802184237j),0.0011217492486212768,(-0.00048435211362563013-0.011800454482704129j)
3.4575,(0.003523129471328525-0.11488830696032616j),(0.0024408241349183043-0.10474910690546024j),0.0012314244029057043,(0.0010823053364102208-0.010139200054865918j)
3.46,(0.003518048527551074-0.11480551081230529j),(0.0016237304533137185-0.10123436443464272j),0.0010806932844245774,(0.0018943180742373557-0.013571146377662574j)
3.4625,(0.0035129785637827704-0.11472283380302173j),(0.0068318607011784785-0.10221817563515898j),0.0012496824219836845,(-0.003318882137395708-0.012504658167862753j)
3.465,(0.0035079195484188446-0.11464027567575259j),(0.003943526110894872-0.1015484879459609j),0.0012639088801072785,(-0.00043560656247602783-0.013091787729791693j)
3.4675000000000002,(0.003502871449968299-0.114557836174511j),(0.0038162619173875444-0.10078435913477106j),0.0011439667876368353,(-0.00031339046741924543-0.01377347703973994j)
3.47,(0.00349783423705306-0.11447551504404409j),(0.0052038742386644465-0.10215191689096409j),0.0009651903209310812,(-0.0017060400016113866-0.012323598153079998j)
3.4725,(0.0034928078784078657-0.11439331202982997j),(0.003568318027663027-0.09928446742518338j),0.0010772939066230646,(-7.551014925516117e-05-0.015108844604646593j)
3.475,(0.0034877923428794084-0.11431122687807531j),(0.004316859021738855-0.10183603237641625j),0.0011387280532617174,(-0.0008290666788594464-0.012475194501659057j)
3.4775,(0.0034827875994261873-0.11422925933571264j),(0.004851337738699837-0.1002361365712701j),0.001064159482819575,(-0.00136855013927365-0.013993122764442534j)
3.48,(0.0034777936171177747-0.1141474091503977j),(0.002983745002133424-0.10589496606581024j),0.0010226563235086054,(0.0004940486149843507-0.00825244308458746j)
3.4825,(0.0034728103651343726-0.11406567607050706j),(0.004768484455044324-0.10416694257817012j),0.001028339702964365,(-0.0012956740899099516-0.009898733492336942j)
3.485,(0.0034678378127666713-0.11398405984513538j),(-0.0017186654341936282-0.1017127326231416j),0.0011143356494629684,(0.0051865032469603-0.012271327221993783j)
3.4875000000000003,(0.003462875929414845-0.11390256022409305j),(0.001643124964814917-0.10101019211000649j),0.0010988695492847745,(0.001819750964599928-0.012892368114086561j)
3.49,(0.0034579246845884326-0.11382117695790325j),(-0.0005705136341851955-0.10288905245620733j),0.0010326998024894022,(0.004028438318773628-0.010932124501695922j)
3.4925,(0.003452984047905834-0.11373990979779985j),(0.004438500695899327-0.09785155968427844j),0.0013246467892344149,(-0.0009855166479934927-0.01588835011352141j)
3.495,(0.0034480539890936347-0.11365875849572463j),(0.004947927070866835-0.10294400473359767j),0.0011727767860819174,(-0.0014998730817732007-0.010714753762126952j)
3.4975,(0.0034431344779865545-0.1135777228043249j),(-1.053019917061325e-06-0.10262839252131371j),0.001079743149201146,(0.003444187497903616-0.010949330283011191j)
3.5,(0.0034382254845265504-0.11349680247695085j),(0.0028978629929011126-0.10268751796299272j),0.001078111957114272,(0.0005403624916254378-0.010809284513958128j)
3.5025,(0.0034333269787625467-0.11341599726765324j),(-0.0013739758084661549-0.10242962998157787j),0.0011215437230397383,(0.004807302787228702-0.010986367286075369j)
3.505,(0.003428438930850014-0.11333530693118059j),(0.006361744933896999-0.10190596907824256j),0.0011121270977069158,(-0.0029333060030469846-0.011429337852938024j)
3.5075000000000003,(0.0034235613110504635-0.11325473122297731j),(0.004312455868898377-0.10151070748236374j),0.0011993863216943309,(-0.0008888945578479131-0.011744023740613577j)
3.5100000000000002,(0.0034186940897311217-0.11317426989918064j),(0.004816255296191397-0.09850121978475963j),0.0014852632052556602,(-0.0013975612064602754-0.014673050114421007j)
3.5125,(0.0034138372373641373-0.11309392271661828j),(0.001754811919583455-0.10587238920240648j),0.0012577941203337551,(0.0016590253177806824-0.0072215335142118j)
3.515,(0.0034089907245266186-0.11301368943280637j),(0.0014779195861350913-0.0984780418693599j),0.0011964921658926596,(0.0019310711383915273-0.014535647563446469j)
3.5175,(0.003404154521899626-0.11293356980594672j),(0.004588297464023773-0.09774737412381546j),0.0009566982644184699,(-0.0011841429421241474-0.015186195682131268j)
3.52,(0.0033993286002683286-0.1128535635949243j),(0.003207010113905075-0.10273064445928042j),0.001199532245985512,(0.0001923184863632534-0.010122919135643879j)
3.5225,(0.0033945129305210917-0.11277367055930507j),(0.0036739871513527295-0.10310352536448295j),0.0010340291164483702,(-0.00027947422083163774-0.009670145194822122j)
3.525,(0.003389707483649337-0.11269389045933362j),(0.008095565063110474-0.09722829843347881j),0.0009823248327356527,(-0.004705857579461137-0.015465592025854805j)
3.5275,(0.003384912230746871-0.11261422305593048j),(0.00015159575696115066-0.1018206067618816j),0.0011666939212848669,(0.0032333164737857207-0.010793616294048888j)
3.5300000000000002,(0.0033801271430096047-0.11253466811068996j),(-0.00013147976557845135-0.10315835642026562j),0.001158795928268104,(0.003511606908588056-0.009376311690424341j)
3.5325,(0.003375352191735143-0.11245522538587778j),(0.0052186477075493055-0.09932730676907521j),0.0012575721343523918,(-0.0018432955158141627-0.01312791861680257j)
3.535,(0.0033705873483222456-0.11237589464442856j),(0.0022025625267357955-0.10281446298119531j),0.0010895442637330968,(0.00116802482158645-0.009561431663233241j)
3.5375,(0.0033658325842704103-0.11229667564994372j),(0.007890743157177362-0.10298682632249341j),0.0011537978714388942,(-0.004524910572906951-0.009309849327450312j)
3.54,(0.003361087871179549-0.11221756816668892j),(0.004369705436957074-0.10538817627322633j),0.00110512382289414,(-0.0010086175657775245-0.006829391893462586j)
3.5425,(0.0033563531807494504-0.11213857195959176j),(0.0021743329964927995-0.10397042139554907j),0.0012044379068158332,(0.001182020184256651-0.008168150564042687j)
3.545,(0.003351628484779471-0.11205968679423955j),(0.003472213706438199-0.09998187767869066j),0.0011389296890776258,(-0.00012058522165872814-0.012077809115548899j)
3.5475,(0.003346913755168015-0.11198091243687705j),(0.002664371290485173-0.1042441162434706j),0.0010216658663429307,(0.0006825424646828421-0.007736796193406448j)
3.5500000000000003,(0.003342208963912134-0.11190224865440393j),(0.006174728921569438-0.0945005264478874j),0.0012576055284991977,(-0.002832519957657304-0.017401722206516534j)
3.5525,(0.0033375140831071555-0.1118236952143726j),(1.2380668469258935e-05-0.10075524757964707j),0.0012278486853219896,(0.0033251334146378966-0.011068447634725531j)
3.555,(0.003332829084946297-0.11174525188498623j),(0.0029035798135919272-0.09814849038580757j),0.0011071839599124684,(0.00042924927135436957-0.013596761499178656j)
3.5575,(0.0033281539417200122-0.11166691843509587j),(0.0031936387330191384-0.098220291402407j),0.0011558003135696366,(0.00013451520870087384-0.013446627032688868j)
3.56,(0.003323488625816109-0.11158869463419868j),(0.0026177365838982243-0.1000445328549768j),0.001186441383134884,(0.0007057520419178846-0.011544161779221879j)
3.5625,(0.003318833109718679-0.11151058025243545j),(0.0022069366326306853-0.09922474530791807j),0.0009722661758402705,(0.0011118964770879935-0.012285834944517376j)
3.565,(0.003314187366008197-0.11143257506058858j),(0.005131974069980243-0.10061405557723516j),0.0011779992940254697,(-0.001817786703972046-0.010818519483353425j)
3.5675,(0.0033095513673608947-0.11135467883007945j),(0.005296145833570615-0.0964596226866055j),0.0011189466366806793,(-0.00198659446620972-0.014895056143473945j)
3.5700000000000003,(0.0033049250865484427-0.11127689133296667j),(0.0019211324084255801-0.09691827741539223j),0.0011095125789902071,(0.0013837926781228626-0.01435861391757444j)
3.5725000000000002,(0.003300308496437428-0.11119921234194338j),(0.0032778749417964304-0.09991728198922298j),0.0012744096482721129,(2.2433554640997715e-05-0.011281930352720404j)
3.575,(0.003295701569989116-0.11112164163033554j),(0.0005248478192025279-0.10077103273649961j),0.0011391188925555427,(0.002770853750786588-0.010350608893835933j)
3.5775,(0.0032911042802589827-0.11104417897209935j),(0.004602599555716799-0.09524972735342077j),0.0010115752783979312,(-0.001311495275457816-0.01579445161867858j)
3.58,(0.0032865166003962928-0.11096682414181921j),(0.0035925788934833038-0.0983322395855582j),0.0010774405133922853,(-0.000306062293087011-0.012634584556261014j)
3.5825,(0.0032819385036437494-0.11088957691470554j),(0.002280130973794964-0.0963891585020372j),0.0010712879748294424,(0.0010018075298487855-0.014500418412668331j)
3.585,(0.003277369963337072-0.11081243706659263j),(-0.0005969201214046063-0.09735218781519146j),0.0010285502592232206,(0.0038742900847416784-0.013460249251401171j)
3.5875,(0.00327281095290472-0.11073540437393639j),(0.0012042644473905758-0.09692224479240194j),0.0010361728855433742,(0.0020685465055141445-0.013813159581534451j)
3.59,(0.0032682614458672534-0.11065847861381232j),(0.002390530498893739-0.10207236898196341j),0.001037866221306243,(0.0008777309469735145-0.008586109631848915j)
3.5925000000000002,(0.0032637214158372065-0.11058165956391325j),(-0.0029256015000737228-0.09769103138974371j),0.00118790466808352,(0.006189322915910929-0.012890628174169541j)
3.595,(0.003259190836518576-0.11050494700254729j),(0.00611017507749811-0.09780667630429563j),0.0011159280740945018,(-0.002850984240979534-0.012698270698251662j)
3.5975,(0.0032546696817065293-0.11042834070863568j),(0.0001953895708734812-0.10109532909387492j),0.0009840356271545348,(0.003059280110833048-0.009333011614760758j)
3.6,(0.0032501579252869352-0.11035184046171058j),(-0.0005007981577109435-0.10078409877204692j),0.0011246678818567582,(0.0037509560829978787-0.009567741689663664j)
3.6025,(0.003245655541236111-0.11027544604191325j),(0.0017151479078672514-0.09900226088270415j),0.0011240749542326927,(0.0015305076333688597-0.011273185159209095j)
3.605,(0.0032411625036200833-0.11019915722999162j),(0.008265530744332006-0.1007648393842597j),0.0012342842903765071,(-0.005024368240711922-0.009434317845731913j)
3.6075,(0.003236678786594793-0.1101229738072983j),(0.007545262486957771-0.09746683869750511j),0.0011778805333627555,(-0.004308583700362977-0.012656135109793187j)
3.61,(0.0032322043644053017-0.11004689555578859j),(0.003020556360691478-0.10076359796009601j),0.0012187445469852454,(0.00021164800371382356-0.009283297595692575j)
3.6125000000000003,(0.00322773921138555-0.10997092225801824j),(0.0013446425735362988-0.09556712772050607j),0.0010044183642037433,(0.0018830966378492512-0.014403794537512171j)
3.615,(0.0032232833019579382-0.10989505369714174j),(0.0037391848816125174-0.09635222208160672j),0.0009862697814733816,(-0.0005159015796545791-0.013542831615535017j)
3.6175,(0.003218836610633113-0.10981928965690985j),(0.004928971603435909-0.09768952291154684j),0.0009902056349589473,(-0.0017101349928027956-0.012129766745363008j)
3.62,(0.00321439911200939-0.10974362992166756j),(0.0037971395959104925-0.09955715490375257j),0.0010124699611112904,(-0.0005827404839011023-0.01018647501791499j)
3.6225,(0.003209970780772566-0.10966807427635256j),(-0.0014015359592739426-0.096229803834414j),0.0009665530859633917,(0.004611506740046508-0.013438270441938557j)
3.625,(0.0032055515916953343-0.10959262250649265j),(0.0024326702617848755-0.09374409078549112j),0.001004667418530146,(0.0007728813299104588-0.015848531721001535j)
3.6275,(0.0032011415196374076-0.10951727439820394j),(0.003894591095846855-0.09672066969662574j),0.0011779905860684408,(-0.0006934495762094474-0.012796604701578201j)
3.63,(0.0031967405395444876-0.10944202973818888j),(-0.0028328744068905854-0.09728152406872444j),0.0011114883262902469,(0.0060296149464350735-0.012160505669464444j)
3.6325000000000003,(0.003192348626448433-0.10936688831373412j),(0.003404010666784989-0.09612203306544222j),0.0009841943186515512,(-0.0002116620403365562-0.0132448552482919j)
3.6350000000000002,(0.0031879657554666745-0.10929184991270877j),(0.0036704588071601323-0.09849599583653307j),0.0010347574483818072,(-0.00048249305169345775-0.010795854076175698j)
3.6375,(0.003183591901801989-0.10921691432356201j),(0.006763820395983848-0.09636783330271052j),0.0011034228022648754,(-0.0035802284941818595-0.012849081020851486j)
3.64,(0.003179227040741964-0.10914208133532134j),(0.003761805169581398-0.09307232598255123j),0.001192361429629939,(-0.0005825781288394342-0.01606975535277011j)
3.6425,(0.00317487114765889-0.10906735073759084j),(0.004732463191167919-0.09322970895320733j),0.0012552794965714563,(-0.0015575920435090293-0.015837641784383516j)
3.645,(0.003170524198009163-0.10899272232054867j),(0.005041745743518531-0.09390703296603076j),0.0010923143571586746,(-0.0018712215455093679-0.015085689354517914j)
3.6475,(0.0031661861673331335-0.10891819587494564j),(0.000476998414081727-0.09565059360541467j),0.0010626058554165105,(0.0026891877532514066-0.01326760226953097j)
3.65,(0.0031618570312546383-0.1088437711921029j),(0.003055591097734031-0.09551194434889412j),0.0010342506687134182,(0.00010626593352060752-0.013331826843208772j)
3.6525,(0.0031575367654807915-0.10876944806391001j),(-0.0025936066350326155-0.09457595685445537j),0.0011457203114865655,(0.005751143400513407-0.014193491209454637j)
3.6550000000000002,(0.003153225345801496-0.10869522628282355j),(0.003328056872342678-0.09486537090809229j),0.0010889420107531582,(-0.00017483152654118204-0.013829855374731262j)
3.6575,(0.0031489227480891832-0.1086211056418642j),(0.0013727161015515859-0.09804533376904896j),0.0013108580223764846,(0.0017762066465375973-0.010575771872815234j)
3.66,(0.0031446289482984892-0.10854708593461589j),(-0.000459204013505409-0.09750485790971154j),0.0010082418580797652,(0.003603832961803898-0.011042228024904344j)
3.6625,(0.0031403439224658774-0.10847316695522298j),(-0.000944759263268631-0.09618806016304916j),0.0010742952126264927,(0.004085103185734508-0.012285106792173817j)
3.665,(0.0031360676467093325-0.10839934849838914j),(0.006027352380082796-0.0934226723542814j),0.0011885967319791731,(-0.002891284733373463-0.014976676144107748j)
3.6675,(0.0031318000972279467-0.10832563035937477j),(0.0016915063575832798-0.09266740636997309j),0.0010821312819153529,(0.001440293739644667-0.015658223989401684j)
3.67,(0.0031275412503018237-0.1082520123339956j),(0.0008237221543116108-0.09329491598742452j),0.0010216567470497017,(0.0023038190959902127-0.01495709634657108j)
3.6725,(0.0031232910822914153-0.10817849421862058j),(-0.002316351488068434-0.09654519436844546j),0.0011850614578168216,(0.005439642570359849-0.011633299850175124j)
3.6750000000000003,(0.0031190495696374644-0.10810507581017013j),(0.00353559478982345-0.09240801519928975j),0.0011510633929661725,(-0.0004165452201859857-0.015697060610880387j)
3.6775,(0.0031148166888604954-0.1080317569061142j),(0.0018387365798051385-0.09798487503560079j),0.0011375750523795194,(0.001276080109055357-0.010046881870513419j)
3.68,(0.0031105924165607058-0.10795853730447029j),(-0.001280654046884052-0.09034490287502692j),0.0013502695373663292,(0.004391246463444758-0.017613634429443373j)
3.6825,(0.003106376729417346-0.10788541680380191j),(0.0031313453116809946-0.09118578247793652j),0.0010803727676789855,(-2.4968582263648533e-05-0.016699634325865395j)
3.685,(0.003102169604188734-0.10781239520321655j),(0.0037163324734053866-0.09806071742537982j),0.001020037327101012,(-0.0006141628692166528-0.009751677777836726j)
3.6875,(0.003097971017711579-0.10773947230236372j),(0.005870993102433239-0.09383594245089329j),0.0010267270293460706,(-0.00277302208472166-0.013903529851470434j)
3.69,(0.0030937809469009634-0.10766664790143349j),(0.0006420501470849752-0.09366696185070755j),0.0010362715853900768,(0.0024517307998159882-0.013999686050725935j)
3.6925,(0.0030895993687499266-0.10759392180115425j),(0.004461241812469508-0.09713934062251114j),0.0011741634657122214,(-0.0013716424437195812-0.010454581178643105j)
3.6950000000000003,(0.0030854262603291125-0.10752129380279123j),(0.0034645587107737024-0.09419916607146167j),0.0011242502638367658,(-0.00037913245044458995-0.013322127731329556j)
3.6975000000000002,(0.003081261598786359-0.10744876370814442j),(0.0026444660700400448-0.09644739271355683j),0.0009416448091793236,(0.00043679552874631433-0.01100137099458759j)
3.7,(0.003077105361346634-0.10737633131954705j),(0.003290578884583761-0.09697127331870647j),0.0009941558466000423,(-0.00021347352323712685-0.010405058000840572j)
3.7025,(0.0030729575253116365-0.10730399643986373j),(0.004518030599975218-0.09122652919747287j),0.0012521405167368288,(-0.0014450730746635816-0.016077467242390855j)
3.705,(0.003068818068059311-0.10723175887248844j),(0.004436679767189227-0.09420830513903457j),0.0012139501310236792,(-0.001367861699129916-0.013023453733453871j)
3.7075,(0.0030646869670436705-0.10715961842134292j),(0.00039191995416316483-0.0988980368431355j),0.0011478434980438212,(0.0026727670128805056-0.008261581578207416j)
3.71,(0.0030605641997946136-0.10708757489087499j),(0.0034186394064042963-0.09447138072227702j),0.0010184512970193623,(-0.0003580752066096827-0.012616194168597966j)
3.7125,(0.003056449743917387-0.10701562808605673j),(0.005007515897329971-0.09511706321632617j),0.001154454128756217,(-0.0019510661534125843-0.011898564869730566j)
3.715,(0.003052343577092511-0.10694377781238258j),(0.001032412263975154-0.09146445599419374j),0.0010387694412830309,(0.0020199313131173567-0.01547932181818884j)
3.7175000000000002,(0.0030482456770751366-0.10687202387586782j),(0.003074265975944849-0.0991298484447937j),0.0010488115692888081,(-2.602029886971226e-05-0.007742175431074125j)
3.72,(0.0030441560216952633-0.1068003660830467j),(0.005333605850014227-0.09191585071405844j),0.0010910061579021974,(-0.002289449828318964-0.014884515368988258j)
3.7225,(0.003040074588856843-0.10672880424097052j),(0.0028655619693689184-0.09866811887988j),0.0011098090231303637,(0.00017451261948792443-0.008060685361090517j)
3.725,(0.0030360013565380248-0.10665733815720649j),(0.0027749510777794256-0.09529113734088215j),0.0011377786797403472,(0.0002610502787585992-0.011366200816324334j)
3.7275,(0.0030319363027904354-0.10658596763983533j),(0.0046697270669144265-0.09457419474804674j),0.0010947208220287497,(-0.0016377907641239912-0.012011772891788591j)
3.73,(0.0030278794057392077-0.10651469249744998j),(0.0011119683196832012-0.09588649768306842j),0.0011389098703045132,(0.0019159110860560065-0.010628194814381556j)
3.7325,(0.0030238306435823982-0.10644351253915374j),(2.0278156024822695e-05-0.09310367091884375j),0.001339432172657474,(0.0030035524875575755-0.013339841620309989j)
3.735,(0.0030197899945909354-0.10637242757455857j),(0.0033566332117992417-0.09157668704109549j),0.0010395715667017337,(-0.00033684321720830633-0.014795740533463081j)
3.7375000000000003,(0.0030157574371082363-0.10630143741378356j),(-0.0015977901910768438-0.09935121472991203j),0.001125064163474118,(0.00461354762818508-0.006950222683871535j)
3.74,(0.0030117329495498875-0.10623054186745295j),(0.00029921084472926104-0.08832203468587906j),0.0013397742158080324,(0.0027125221048206263-0.0179085071815739j)
3.7425,(0.0030077165104032944-0.10615974074669472j),(0.0008077394137184967-0.10067387392677443j),0.0011168674737081922,(0.002199977096684798-0.00548586681992029j)
3.745,(0.003003708098227653-0.10608903386313888j),(-0.0013291131388356945-0.0950849109121225j),0.001204439127960097,(0.004332821237063347-0.011004122951016382j)
3.7475,(0.002999707691653282-0.1060184210289156j),(0.004584548067920956-0.09213769037253798j),0.0010641747733760713,(-0.0015848403762676743-0.013880730656377613j)
3.75,(0.0029957152693817204-0.10594790205665375j),(0.003933225269194341-0.09177710627767433j),0.0009208853338159626,(-0.0009375099998126203-0.014170795778979423j)
3.7525,(0.0029917308101852303-0.10587747675947916j),(0.004691370273999677-0.09502707116165697j),0.0010447715861497805,(-0.001699639463814447-0.010850405597822188j)
3.755,(0.0029877542929065424-0.10580714495101307j),(0.003706113070939302-0.09078578336291346j),0.0011823782348349898,(-0.0007183587780327599-0.015021361588099608j)
3.7575000000000003,(0.0029837856964584995-0.10573690644537043j),(0.002159746977052935-0.09482118980355363j),0.001106076741649176,(0.0008240387194055647-0.0109157166418168j)
3.7600000000000002,(0.002979824999824038-0.10566676105715819j),(0.0014476084429434217-0.09680298114382468j),0.0012089673434807922,(0.0015322165568806164-0.008863779913333508j)
3.7625,(0.0029758721820555838-0.1055967086014739j),(0.0006745246575752886-0.09382171452328515j),0.0010937650818104146,(0.002301347524480295-0.011774994078188744j)
3.765,(0.0029719272222750687-0.10552674889390366j),(0.004270848140704327-0.08970589916498989j),0.0010989783742812837,(-0.0012989209184292587-0.015820849728913775j)
3.7675,(0.002967990099673385-0.10545688175052105j),(0.004193552145861043-0.09056479107015732j),0.0009795135030078827,(-0.0012255620461876582-0.014892090680363734j)
3.77,(0.0029640607935102962-0.10538710698788521j),(0.0018851776982926058-0.08976555727396812j),0.0011094877556096306,(0.0010788830952176904-0.01562154971391709j)
3.7725,(0.002960139283114131-0.10531742442303922j),(0.00044543400344535634-0.08983817483527956j),0.0010576571010169026,(0.002514705279668775-0.01547924958775966j)
3.775,(0.0029562255478814913-0.10524783387350851j),(0.0043311809122645985-0.09732297954398593j),0.001046091202743688,(-0.0013749553643831072-0.007924854329522585j)
3.7775,(0.002952319567276916-0.10517833515729956j),(0.004892471303242942-0.09274957093890483j),0.0010675768694762054,(-0.0019401517359660257-0.012428764218394728j)
3.7800000000000002,(0.0029484213208328335-0.10510892809289787j),(0.006290212345687262-0.0914975467050902j),0.001217763397415882,(-0.003341791024854428-0.01361138138780768j)
3.7825,(0.002944530788148928-0.1050396124992668j),(0.003348710841126056-0.0911885168923402j),0.001000655509956638,(-0.00040418005297712797-0.0138510956069266j)
3.785,(0.002940647948892234-0.10497038819584568j),(0.0019197147387093744-0.09350268026682673j),0.0012698368951423555,(0.0010209332101828597-0.011467707929018953j)
3.7875,(0.0029367727827966424-0.10490125500254839j),(0.0038164927235707705-0.09592573915086122j),0.0011332712779534339,(-0.000879719940774128-0.008975515851687169j)
3.79,(0.002932905269662821-0.10483221273976186j),(0.0063630050461829-0.08870720753197352j),0.0011075214500203781,(-0.003430099776520079-0.01612500520778834j)
3.7925,(0.0029290453893576645-0.10476326122834445j),(-0.0011757130288096273-0.09490628041849125j),0.001292178127524134,(0.004104758418167292-0.0098569808098532j)
3.795,(0.0029251931218144014-0.10469440028962426j),(0.005778578368950419-0.09072006188947108j),0.0011577609328861072,(-0.0028533852471360178-0.013974338400153177j)
3.7975,(0.0029213484470320145-0.10462562974539799j),(0.0043027305732450975-0.09261183954988127j),0.001007719063288799,(-0.001381382126213083-0.012013790195516724j)
3.8000000000000003,(0.002917511345075175-0.10455694941792892j),(0.0017170172259965328-0.09433298796047376j),0.001141110787789806,(0.001200494119078642-0.01022396145745516j)
3.8025,(0.0029136817960739424-0.10448835912994574j),(0.0034482140078705838-0.09250158805280666j),0.0010121768001848676,(-0.0005345322117966413-0.01198677107713908j)
3.805,(0.002909859780223387-0.10441985870464092j),(0.00419047552898911-0.08834205129794372j),0.0011609925806472315,(-0.0012806157487657232-0.016077807406697203j)
3.8075,(0.002906045277783539-0.10435144796566924j),(0.0016451596197287952-0.09131754487600123j),0.0009691622698502475,(0.001260885658054744-0.013033903089668009j)
3.81,(0.00290223826907898-0.10428312673714588j),(0.004427982789509425-0.09006653993640809j),0.0011099342804277938,(-0.0015257445204304452-0.014216586800737785j)
3.8125,(0.002898438734498611-0.1042148948436458j),(-0.0002694657718638456-0.09452086888067683j),0.0010171113899381634,(0.0031679045063624563-0.009694025962968963j)
3.815,(0.0028946466544954837-0.1041467521102013j),(0.004072773688884779-0.09067581970683868j),0.0010518081049765405,(-0.0011781270343892954-0.013470932403362626j)
3.8175,(0.0028908620095864927-0.10407869836230109j),(0.002232323774987029-0.0909609431356475j),0.0009341936036403492,(0.0006585382345994637-0.013117755226653594j)
3.8200000000000003,(0.002887084780352047-0.1040107334258887j),(0.002330175267743959-0.09499380468508484j),0.0009847019593983131,(0.0005569095126080883-0.009016928740803856j)
3.8225000000000002,(0.002883314947436019-0.10394285712736072j),(-0.0007721267288447834-0.0912660403553285j),0.0009715648782952615,(0.0036554416762808024-0.012676816772032223j)
3.825,(0.0028795524915452525-0.10387506929356594j),(0.0020524802555039394-0.08819892703171388j),0.0009867902215486668,(0.0008270722360413131-0.015676142261852058j)
3.8275,(0.002875797393449547-0.10380736975180317j),(0.002726854610498944-0.0913740846137732j),0.0011834216126821047,(0.00014894278295060322-0.012433285138029979j)
3.83,(0.002872049633981233-0.10373975832982026j),(0.0013389624701812244-0.08675376918788764j),0.0011397399916063472,(0.0015330871638000087-0.01698598914193261j)
3.8325,(0.00286830919403499-0.1036722348558124j),(0.0038621951840362057-0.089610375466288j),0.000933760609999343,(-0.0009938859900012155-0.014061859389524395j)
3.835,(0.00286457605456776-0.10360479915842087j),(0.004343916345111586-0.08701052894705351j),0.001126108885795414,(-0.001479340290543826-0.016594270211367362j)
3.8375,(0.0028608501965981747-0.10353745106673153j),(0.005746339501253594-0.08754112864933757j),0.001088118273099722,(-0.002885489304655419-0.01599632241739396j)
3.84,(0.0028571316012066285-0.10347019041027307j),(0.004306892997189077-0.09206346793279459j),0.001183541550509075,(-0.0014497613959824482-0.011406722477478481j)
3.8425000000000002,(0.002853420249534764-0.10340301701901612j),(-0.0017636666714754082-0.09231757020356157j),0.0010019430685306425,(0.004617086921010172-0.01108544681545455j)
3.845,(0.0028497161227855686-0.10333593072337144j),(0.004358454072482868-0.092885610445322j),0.0012714206248745968,(-0.0015087379496972995-0.010450320278049444j)
3.8475,(0.0028460192022228036-0.1032689313541886j),(0.006135833648494817-0.08917125561154685j),0.001163151848402367,(-0.0032898144462720135-0.014097675742641758j)
3.85,(0.0028423294691709553-0.10320201874275464j),(0.0010700583397038883-0.09074370936474084j),0.0011878960922601122,(0.001772271129467067-0.012458309378013802j)
3.8525,(0.002838646905015002-0.1031351927207924j),(0.0031189230933708944-0.08755798846466359j),0.0010643558515937843,(-0.0002802761883558924-0.01557720425612881j)
3.855,(0.0028349714912000944-0.10306845312045945j),(0.00032682898986703066-0.09164491413255973j),0.0011985360286638604,(0.0025081425013330637-0.011423538987899717j)
3.8575,(0.0028313032092312394-0.10300179977434654j),(0.000555433925262572-0.08795317797507121j),0.001280664487842848,(0.0022758692839686674-0.015048621799275325j)
3.86,(0.002827642040673429-0.10293523251547615j),(0.0016143254144329728-0.09248337968780815j),0.0010361383372555649,(0.0012133166262404563-0.010451852827668001j)
3.8625000000000003,(0.0028239879671509644-0.10286875117730113j),(0.00025356184101744863-0.08692104827893714j),0.0012380131562021687,(0.0025704261261335157-0.01594770289836399j)
3.865,(0.002820340970347522-0.10280235559370347j),(0.004707347716562235-0.09005070909878296j),0.0011447386944729882,(-0.0018870067462147125-0.012751646494920513j)
3.8675,(0.0028167010320058372-0.10273604559899255j),(0.006616348571673878-0.09136802788173812j),0.0011506953780651909,(-0.0037996475396680405-0.01136801771725443j)
3.87,(0.0028130681339274786-0.10266982102790419j),(-0.0005471679437648647-0.08648713145431058j),0.0011511435189169893,(0.0033602360776923434-0.016182689573593603j)
3.8725,(0.002809442257972477-0.10260368171559911j),(-0.0020240853608055366-0.09020339176221896j),0.0011127536069409896,(0.004833527618778014-0.012400289953380148j)
3.875,(0.0028058233860594442-0.10253762749766143j),(2.4071339494549007e-05-0.08775830379020029j),0.001137194072586218,(0.0027817520465648954-0.014779323707461142j)
3.8775,(0.0028022115001649648-0.10247165821009749j),(0.0033631409486559105-0.0894240608747556j),0.0011707490169431674,(-0.0005609294484909457-0.013047597335341887j)
3.88,(0.002798606582323652-0.1024057736893344j),(0.002956171608092187-0.09585464852949759j),0.0010758393779767483,(-0.000157565025768535-0.006551125159836815j)
3.8825000000000003,(0.002795008614627807-0.10233997377221878j),(0.005395317745527607-0.0935567299557397j),0.0012186235917385094,(-0.0026003091308998-0.008783243816479075j)
3.8850000000000002,(0.002791417579227144-0.1022742582960154j),(0.004189081453426168-0.09330734835553034j),0.0011922826428863908,(-0.0013976638741990239-0.00896690994048506j)
3.8875,(0.0027878334583285994-0.10220862709840575j),(-0.000403743523271167-0.08982385848493607j),0.001134517501819501,(0.0031915769815997665-0.012384768613469682j)
3.89,(0.0027842562341963356-0.10214308001748675j),(0.0032199185031520226-0.08791051407547341j),0.0009754619302374049,(-0.000435662268955687-0.014232565942013331j)
3.8925,(0.002780685889151193-0.10207761689176949j),(-0.0009907284526794384-0.08939019423128644j),0.0011922539651016816,(0.0037714143418306314-0.012687422660483047j)
3.895,(0.002777122405570578-0.10201223756017785j),(0.00527032999355445-0.08576913847587106j),0.0013101147194339185,(-0.0024932075879838724-0.016243099084306795j)
3.8975,(0.0027735657658883458-0.10194694186204716j),(-4.330971594820529e-05-0.08829781200479372j),0.0010991007497632601,(0.002816875481836551-0.01364912985725343j)
3.9,(0.002770015952594491-0.10188172963712296j),(0.0008396968773810709-0.0857605004475448j),0.0009151333992350979,(0.00193031907521342-0.01612122918957816j)
3.9025000000000003,(0.0027664729482350307-0.10181660072555968j),(-0.0017882951698928787-0.08591714701190234j),0.0010106102894034004,(0.004554768118127909-0.015899453713657336j)
3.9050000000000002,(0.0027629367354115556-0.10175155496791918j),(0.0027765066612845937-0.08893462946308159j),0.001037819947473302,(-1.3569925873038128e-05-0.012816925504837595j)
3.9075,(0.0027594072967813276-0.10168659220516983j),(0.003148711256842636-0.08933948739410813j),0.001038140346176529,(-0.00038930396006130836-0.012347104811061702j)
3.91,(0.0027558846150568636-0.10162171227868458j),(0.00080661029556942-0.08973664211100651j),0.0010603190655138774,(0.0019492743194874436-0.011885070167678063j)
3.9125,(0.00275236867300576-0.10155691503024049j),(0.0014509325120762918-0.08941989614388257j),0.0011781233457772312,(0.001301436160929468-0.012137018886357917j)
3.915,(0.002748859453450561-0.10149220030201676j),(0.005475978511616754-0.0900816065301822j),0.00111371629128191,(-0.0027271190581661924-0.011410593771834565j)
3.9175,(0.00274535693926835-0.10142756793659377j),(0.0058464327367937444-0.0841265206009112j),0.001246804780774796,(-0.0031010757975253943-0.017301047335682565j)
3.92,(0.0027418611133908422-0.10136301777695175j),(2.4260023485838113e-05-0.09333710991677435j),0.0012712023425503509,(0.002717601089905004-0.0080259078601774j)
3.9225,(0.0027383719588039645-0.10129854966646958j),(0.003723624356810504-0.09207615968011472j),0.0011981009100116105,(-0.0009852523980065394-0.009222389986354856j)
3.9250000000000003,(0.0027348894585476602-0.10123416344892337j),(0.0006706635116166907-0.08822933543220282j),0.0010864583243908944,(0.0020642259469309697-0.013004828016720552j)
3.9275,(0.00273141359571576-0.10116985896848531j),(0.0010578444561155625-0.08770095189947937j),0.0011768259359218735,(0.0016735691396001975-0.013468907069005942j)
3.93,(0.0027279443534556818-0.10110563606972246j),(0.005681463976308571-0.08790800022664293j),0.0010270798095115892,(-0.002953519622852889-0.013197635843079536j)
3.9325,(0.0027244817149683024-0.10104149459759543j),(0.005336629703796158-0.08663658726198997j),0.001007339173784357,(-0.002612147988827856-0.014404907335605455j)
3.935,(0.0027210256635077845-0.10097743439745699j),(0.0019032534542418695-0.08806104944469902j),0.0011571661383843134,(0.000817772209265915-0.012916384952757973j)
3.9375,(0.0027175761823813264-0.10091345531505119j),(0.004531866547882059-0.0885077527712107j),0.0013948154363076642,(-0.0018142903655007326-0.012405702543840491j)
3.94,(0.002714133254948834-0.10084955719651192j),(-0.0008413137514205643-0.09301893948498811j),0.0009488677337851353,(0.0035554470063693983-0.00783061771152381j)
3.9425,(0.0027106968646230384-0.10078573988836151j),(-0.0012688230568522869-0.0870894893791829j),0.0010481923238198295,(0.003979519921475326-0.013696250509178609j)
3.9450000000000003,(0.0027072669948689145-0.10072200323750974j),(0.002727264091742109-0.09368754117722546j),0.00111105993160813,(-1.9997096873194693e-05-0.007034462060284283j)
3.9475000000000002,(0.002703843629203802-0.1006583470912527j),(0.0038787537116963095-0.08238987751463521j),0.0008671654775960337,(-0.0011749100824925075-0.018268469576617485j)
3.95,(0.0027004267511970144-0.10059477129727128j),(0.0030871284050509777-0.08851712663124989j),0.0011196390389193545,(-0.0003867016538539633-0.01207764466602139j)
3.9525,(0.0026970163444697682-0.10053127570363013j),(0.0020360002265180006-0.0868368131349958j),0.001082207317196587,(0.0006610161179517677-0.013694462568634325j)
3.955,(0.0026936123926948135-0.10046786015877643j),(0.0025863491267024198-0.08515577837787458j),0.0013917061889769386,(0.00010726326599239371-0.015312081780901848j)
3.9575,(0.002690214879596414-0.10040452451153876j),(0.0011258059374535869-0.0857210045883866j),0.0008920530977254839,(0.0015644089421428273-0.014683519923152158j)
3.96,(0.0026868237889501115-0.10034126861112587j),(0.004751572797260285-0.0870805430083366j),0.0011153323750246584,(-0.002064749008310173-0.013260725602789264j)
3.9625,(0.002683439104582492-0.10027809230712517j),(0.003715645837148986-0.08761344084563474j),0.00111993116546325,(-0.001032206732566494-0.012664651461490428j)
3.9650000000000003,(0.002680060810370933-0.10021499544950226j),(0.0015767879478055286-0.08545486001579894j),0.001255498741071213,(0.0011032728625654043-0.014760135433703317j)
3.9675000000000002,(0.0026766888902436184-0.10015197788859882j),(0.003945226379438382-0.08572669090702278j),0.001024916977183391,(-0.0012685374891947638-0.014425286981576038j)
3.97,(0.0026733233281790933-0.10008903947513235j),(-0.0007577836972842808-0.08139533917566828j),0.001023743067665842,(0.003431107025463374-0.018693700299464072j)
3.9725,(0.0026699641082062638-0.1000261800601943j),(0.004166672159592415-0.08701385860907497j),0.0010227818113821797,(-0.0014967080513861516-0.01301232145111933j)
3.975,(0.0026666112144041374-0.09996339949524921j),(0.0016400304957510578-0.0828929772563302j),0.001249197984615706,(0.0010265807186530796-0.01707042223891901j)
3.9775,(0.002663264630901645-0.09990069763213358j),(0.0028610529343623715-0.08616534737748227j),0.0011405461025362313,(-0.00019778830346072656-0.013735350254651307j)
3.98,(0.0026599243418774362-0.09983807432305458j),(-0.002507074643329499-0.08856745367418603j),0.0009603987546613515,(0.005166998985206935-0.011270620648868551j)
3.9825,(0.00265659033155961-0.09977552942058882j),(0.004656197229857785-0.08949332891354839j),0.001012186508985222,(-0.0019996068982981747-0.010282200507040429j)
3.985,(0.0026532625842257676-0.09971306277768142j),(0.003184209708963639-0.08712762054120879j),0.0009537802008171694,(-0.0005309471247378714-0.012585442236472635j)
3.9875000000000003,(0.0026499410842026547-0.09965067424764484j),(0.003037322787232292-0.0869854914254053j),0.001130843699781937,(-0.0003873817030296371-0.012665182822239537j)
3.99,(0.002646625815865915-0.09958836368415742j),(0.004438216086405571-0.08677410135461333j),0.001113559573284466,(-0.0017915902705396562-0.012814262329544093j)
3.9925,(0.0026433167636400997-0.09952613094126268j),(0.004773099623927049-0.08412842224648819j),0.001051956282915716,(-0.0021297828602869495-0.015397708694774498j)
3.995,(0.0026400139119982435-0.09946397587336779j),(0.005197900853540798-0.08444779196669823j),0.001080028645566834,(-0.0025578869415425545-0.015016183906669561j)
3.9975,(0.0026367172454619626-0.09940189833524281j),(0.004063618230723412-0.08472201145690457j),0.0011184302845789404,(-0.0014269009852614497-0.014679886878338239j)
4.0,(0.0026334267486011185-0.09933989818201915j),(0.0049724859498332784-0.08520982547346032j),0.0011723708749454232,(-0.00233905920123216-0.01413007270855883j)
4.0025,(0.0026301424060335204-0.0992779752691888j),(0.0004789751282219092-0.08462208412406637j),0.001088288884816829,(0.0021511672778116112-0.014655891145122432j)
4.005,(0.002626864202424972-0.09921612945260307j),(0.002144250416632186-0.08206363065020449j),0.0010410747084894573,(0.0004826137857927861-0.01715249880239858j)
4.0075,(0.002623592122488992-0.09915436058847159j),(0.004826229294597671-0.09092818008685732j),0.0011088489712903346,(-0.002202637172108679-0.008226180501614264j)
4.01,(0.0026203261509866803-0.09909266853336078j),(-0.0013435654487833147-0.08306616891833876j),0.0011367074770237975,(0.003963891599769995-0.01602649961502202j)
4.0125,(0.002617066272726335-0.09903105314419329j),(0.003378353885687205-0.08235147111522366j),0.0010502459722203617,(-0.0007612876129608702-0.01667958202896963j)
4.015,(0.0026138124725636814-0.09896951427824661j),(0.004977690689808956-0.08032174667208342j),0.0011464453472884726,(-0.002363878217245275-0.0186477676061632j)
4.0175,(0.0026105647354011906-0.09890805179315203j),(0.00023581312558855323-0.08630506438306286j),0.0011996828125266912,(0.0023747516098126375-0.012602987410089167j)
4.0200000000000005,(0.0026073230461884033-0.09884666554689357j),(0.001899041324338621-0.08038371403111336j),0.0010240286183586013,(0.0007082817218497823-0.018462951515780215j)
4.0225,(0.002604087389921423-0.09878535539780675j),(0.004690790251184355-0.08465895751444197j),0.0011426233051130903,(-0.002086702861262932-0.014126397883364783j)
4.025,(0.0026008577516428016-0.09872412120457763j),(0.00027787642856111686-0.08473780526963559j),0.0010244409892266775,(0.0023229813230816847-0.01398631593494204j)
4.0275,(0.0025976341164413966-0.09866296282624183j),(0.003197394102465954-0.08568799649601823j),0.0010798639727496297,(-0.0005997599860245572-0.012974966330223603j)
4.03,(0.00259441646945235-0.09860188012218313j),(0.003358712730236869-0.08376500885822369j),0.0009454020951470342,(-0.0007642962607845192-0.014836871263959439j)
4.0325,(0.0025912047958566485-0.09854087295213274j),(0.0045938737074011455-0.08426655185441098j),0.0011649268240498472,(-0.002002668911544497-0.014274321097721754j)
4.035,(0.0025879990808810897-0.09847994117616811j),(-0.0019124401840856418-0.0819888101215169j),0.0009411336968876769,(0.004500439264966731-0.016491131054651206j)
4.0375,(0.0025847993097981967-0.09841908465471165j),(0.0014843180035585774-0.0842287990592962j),0.0011564322351221177,(0.0011004813062396193-0.01419028559541545j)
4.04,(0.002581605467925828-0.09835830324853001j),(0.00213064605957899-0.08776603234063032j),0.0010012037377984016,(0.000450959408346838-0.010592270907899687j)
4.0425,(0.0025784175406271853-0.0982975968187329j),(0.0009369453357014779-0.08117087092223826j),0.0009230711341413078,(0.0016414722049257074-0.017126725896494638j)
4.045,(0.0025752355133106665-0.09823696522677179j),(0.0009617762113119366-0.08505019101997649j),0.0011474850742801898,(0.0016134593019987299-0.013186774206795301j)
4.0475,(0.0025720593714295-0.09817640833443929j),(0.0034775902408737914-0.08096534744822888j),0.0011857461643898308,(-0.0009055308694442916-0.01721106088621041j)
4.05,(0.0025688891004818568-0.09811592600386775j),(0.006206342384520483-0.08444627802733287j),0.0012258398202535964,(-0.0036374532840386265-0.013669647976534874j)
4.0525,(0.0025657246860104335-0.09805551809752833j),(0.0012575688185518718-0.08501197977052011j),0.0010566076249502376,(0.0013081558674585617-0.01304353832700822j)
4.055,(0.002562566113602384-0.0979951844782301j),(0.0035920502567503725-0.0819461881820722j),0.0010751678810518774,(-0.0010294841431479885-0.0160489962961579j)
4.0575,(0.002559413368889221-0.09793492500911875j),(0.003723618781941255-0.08512956413514568j),0.0009130984378722722,(-0.0011642054130520342-0.012805360873973076j)
4.0600000000000005,(0.0025562664375465526-0.09787473955367586j),(0.0028842286569250144-0.08291876514743922j),0.0009992455423976233,(-0.0003279622193784618-0.014955974406236638j)
4.0625,(0.002553125305294028-0.09781462797571741j),(0.0032532557467280865-0.0863808142331319j),0.001013676570029119,(-0.0007001304414340583-0.011433813742585508j)
4.065,(0.0025499899578949763-0.0977545901393934j),(4.773023512939182e-05-0.08704160000746455j),0.0011285213542651783,(0.0025022597227655845-0.010712990131928848j)
4.0675,(0.0025468603811565163-0.09769462590918614j),(0.002058711527569623-0.08735472821065676j),0.0011124301906932533,(0.0004881488535868933-0.010339897698529374j)
4.07,(0.0025437365609292-0.09763473514990989j),(-0.002414935011436682-0.08721253365926558j),0.0010912402669029531,(0.004958671572365882-0.010422201490644309j)
4.0725,(0.0025406184831068663-0.09757491772670926j),(0.002364544636985735-0.08133764513073853j),0.0009978842056581193,(0.00017607384612113117-0.016237272595970728j)
4.075,(0.002537506133626605-0.09751517350505866j),(0.0013092948617548616-0.08701624678175192j),0.0014450132348613294,(0.0012282112718717435-0.01049892672330674j)
4.0775,(0.00253439949846853-0.09745550235076089j),(-0.0018417998467034323-0.08597264467038333j),0.0012234856292926127,(0.004376199345171962-0.011482857680377559j)
4.08,(0.002531298563655503-0.09739590412994655j),(0.005030585049217769-0.08227006225135532j),0.0009712324853542602,(-0.0024992864855622665-0.015125841878591229j)
4.0825000000000005,(0.0025282033152531297-0.09733637870907282j),(0.003997406995069538-0.08655924983196826j),0.0008782989467009038,(-0.0014692036798164086-0.010777128877104553j)
4.085,(0.002525113739369649-0.09727692595492232j),(0.0003458103667989761-0.083912163548342j),0.0011990096972087855,(0.002179303372570673-0.013364762406580327j)
4.0875,(0.0025220298221555713-0.0972175457346025j),(0.0012433003682182466-0.08406291567761817j),0.0010987530129197489,(0.0012787294539373247-0.013154630056984334j)
4.09,(0.002518951549803649-0.09715823791554426j),(0.00822731689992222-0.08968038683461918j),0.0010554867446893703,(-0.005708365350118571-0.00747785108092508j)
4.0925,(0.002515878908548821-0.09709900236550126j),(0.002900048230428511-0.08647651825763988j),0.0010526384950363258,(-0.0003841693218796902-0.010622484107861374j)
4.095,(0.0025128118846678192-0.09703983895254874j),(0.0007517915147658274-0.08200302067126895j),0.0009623522878439745,(0.0017610203699019917-0.015036818281279785j)
4.0975,(0.002509750464479197-0.0969807475450827j),(0.0054369071278753045-0.081021532112432j),0.0009370647332537482,(-0.0029271566633961073-0.015959215432650692j)
4.1,(0.002506694634343154-0.09692172801181877j),(-0.002617126150254328-0.08429792127287762j),0.0011381156659039707,(0.005123820784597482-0.012623806738941146j)
4.1025,(0.0025036443806612874-0.09686278022179148j),(0.0020029008991359295-0.08329001342095822j),0.0010901560375208635,(0.0005007434815253579-0.01357276680083326j)
4.105,(0.0025005996898766086-0.09680390404435299j),(0.0019783888224139635-0.08168935121334474j),0.0010494087958635913,(0.0005222108674626451-0.015114552831008252j)
4.1075,(0.002497560548473206-0.09674509934917225j),(-0.0013445663490271207-0.08215648610849348j),0.0011756524631670586,(0.0038421268975003266-0.014588613240678769j)
4.11,(0.0024945269429761884-0.09668636600623418j),(0.002931071363827322-0.08729030581100779j),0.001066733997166448,(-0.00043654442085113354-0.009396060195226388j)
4.1125,(0.0024914988599515553-0.09662770388583855j),(0.0020121383739908423-0.0837474524384694j),0.0012460290910380897,(0.00047936048596071293-0.012880251447369151j)
4.115,(0.002488476286006098-0.09656911285859912j),(-0.00045740417100788663-0.08125305554455067j),0.001159053361778643,(0.0029458804570139845-0.015316057314048448j)
4.1175,(0.002485459207787015-0.09651059279544258j),(0.0016090870234572602-0.08134740271389265j),0.0011416414964112382,(0.0008763721843297546-0.015163190081549927j)
4.12,(0.0024824476119820293-0.09645214356760765j),(0.0003627295958556804-0.08365496736501525j),0.0011929024406858656,(0.002119718016126349-0.012797176202592395j)
4.1225000000000005,(0.0024794414853191366-0.09639376504664432j),(0.005835299927028629-0.08802082591203818j),0.001191188581691357,(-0.003355858441709492-0.008372939134606142j)
4.125,(0.0024764408145664407-0.09633545710441266j),(0.0012631223838347717-0.08209432647145208j),0.0009741909771069961,(0.001213318430731669-0.014241130632960577j)
4.1275,(0.0024734455865320477-0.09627721961308185j),(0.004406417285541444-0.08047564717481728j),0.0009892884354136611,(-0.0019329716990093963-0.015801572438264563j)
4.13,(0.0024704557880638285-0.0962190524451296j),(0.002213466551699834-0.08073071447425127j),0.0014720355890087552,(0.00025698923636399435-0.015488337970878327j)
4.1325,(0.002467471406049481-0.09616095547334086j),(0.0011196839597940162-0.08601416253043491j),0.0011271328076961262,(0.001347787446255465-0.01014679294290595j)
4.135,(0.0024644924274161172-0.09610292857080713j),(0.002399641797482055-0.07996238357535868j),0.0010357589307834992,(6.485062993406236e-05-0.016140544995448453j)
4.1375,(0.0024615188391303535-0.0960449716109253j),(0.00012321449520530029-0.08170155510361916j),0.0012198580055685188,(0.002338304343925053-0.01434341650730614j)
4.14,(0.0024585506281980017-0.09598708446739697j),(0.006788679512987168-0.07965085566979398j),0.0010820217769299265,(-0.004330128884789166-0.016336228797602992j)
4.1425,(0.0024555877816640837-0.09592926701422752j),(0.004955234235184967-0.07951067490420352j),0.0011902543111594337,(-0.0024996464535208835-0.016418592110024j)
4.1450000000000005,(0.0024526302866125517-0.09587151912572493j),(0.001584145959155709-0.07999452738956868j),0.0011772233050687878,(0.0008684843274568428-0.015876991736156254j)
4.1475,(0.0024496781301661225-0.0958138406764992j),(0.005006026410607711-0.08155390459783528j),0.0010431003362140138,(-0.0025563482804415887-0.014259936078663923j)
4.15,(0.0024467312994863404-0.0957562315414612j),(0.003408296524472429-0.08475418636629259j),0.0010476613611215835,(-0.0009615652249860885-0.011002045175168618j)
4.1525,(0.002443789781773257-0.09569869159582206j),(0.0016372847181626024-0.07741628850095865j),0.0012334452577874421,(0.0008065050636106544-0.01828240309486341j)
4.155,(0.0024408535642653282-0.09564122071509182j),(0.0011192971554794338-0.08114404078928997j),0.0012009453206017076,(0.0013215564087858944-0.01449717992580185j)
4.1575,(0.0024379226342393498-0.09558381877507896j),(0.002479286896762732-0.0881213710437555j),0.000863446276344314,(-4.136426252338227e-05-0.007462447731323457j)
4.16,(0.0024349969790102314-0.09552648565188936j),(0.0019439194347036688-0.08136256909217084j),0.0010944398425651951,(0.0004910775443065626-0.01416391655971852j)
4.1625,(0.002432076585930862-0.09546922122192532j),(0.004229347180404644-0.07892690402543179j),0.0010840741264301402,(-0.001797270594473782-0.01654231719649353j)
4.165,(0.002429161442392019-0.09541202536188483j),(0.0024192218305732157-0.08150490239228976j),0.0011905792750713882,(9.939611818803127e-06-0.013907122969595065j)
4.1675,(0.0024262515358222728-0.09535489794876052j),(0.0031287957211421193-0.08100304881361327j),0.001122284718227926,(-0.0007025441853198465-0.014351849135147254j)
4.17,(0.002423346853687771-0.09529783885983893j),(0.0013655683794691642-0.07918815675707845j),0.0010696195085525583,(0.0010577784742186068-0.01610968210276048j)
4.1725,(0.002420447383492063-0.09524084797269958j),(0.0006905930525271804-0.08412339712366208j),0.0011021420337207035,(0.0017298543309648825-0.011117450849037494j)
4.175,(0.0024175531127760474-0.095183925165214j),(-0.0021691329846780095-0.08322355646080032j),0.0011250080121395977,(0.0045866860974540565-0.01196036870441368j)
4.1775,(0.002414664029117886-0.09512707031554504j),(0.0009134728960436559-0.07901294150477j),0.0010922303207712546,(0.0015011911330742303-0.016114128810775036j)
4.18,(0.0024117801201328283-0.09507028330214588j),(0.0017448479412290158-0.08245123078764055j),0.0011166170554119171,(0.0006669321789038124-0.012619052514505333j)
4.1825,(0.002408901373472952-0.09501356400375922j),(0.0023880049484305806-0.08219597559679852j),0.0010954292925053734,(2.0896425042371373e-05-0.012817588406960706j)
4.1850000000000005,(0.002406027776827181-0.09495691229941637j),(0.0013108138538221526-0.07629383645675909j),0.0010173217201604613,(0.0010952139230050284-0.01866307584265728j)
4.1875,(0.00240315931792111-0.0949003280684364j),(0.0022032748592501466-0.07931306751653815j),0.0014322834583831755,(0.00019988445867096362-0.015587260551898255j)
4.19,(0.002400295984516883-0.0948438111904255j),(0.0004665698582910248-0.07720841357436617j),0.0011079789589638297,(0.0019337261262258583-0.017635397616059326j)
4.1925,(0.002397437764413064-0.09478736154527548j),(0.002254850148860704-0.07745030246340347j),0.0011561458420115732,(0.0001425876155523604-0.01733705908187201j)
4.195,(0.002394584645444452-0.09473097901316388j),(0.0005465984439244636-0.079260744209315j),0.0010300570492484207,(0.0018479862015199884-0.015470234803848876j)
4.1975,(0.0023917366154820145-0.09467466347455235j),(0.0019452443998091678-0.07854355320844422j),0.001043663005592796,(0.0004464922156728467-0.016131110266108126j)
4.2,(0.0023888936624327445-0.09461841481018606j),(0.0009999097571954118-0.08048879561018828j),0.0011415910822887235,(0.0013889839052373327-0.014129619199997778j)
4.2025,(0.0023860557742395377-0.09456223290109304j),(0.0037762711473163704-0.08135445170586561j),0.0010312944930467808,(-0.0013902153730768326-0.013207781195227433j)
4.205,(0.002383222938881036-0.09450611762858303j),(0.0019987429950830025-0.08520849061904283j),0.001214880550378242,(0.0003844799437980333-0.009297627009540205j)
4.2075000000000005,(0.0023803951443715464-0.09445006887424683j),(0.003656767858082456-0.08282044583522793j),0.0010221834366586533,(-0.0012763727137109094-0.011629623039018891j)
4.21,(0.0023775723787608123-0.0943940865199555j),(0.0036134201112492472-0.07794959781746987j),0.0011582436104041478,(-0.001235847732488435-0.016444488702485632j)
4.2125,(0.0023747546301340506-0.09433817044785943j),(-0.002195671032583732-0.08239082319154159j),0.0010115307321651621,(0.004570425662717783-0.011947347256317839j)
4.215,(0.00237194188661168-0.09428232054038749j),(0.00017732873994669892-0.08212850293240057j),0.0009833119031710902,(0.002194613146664981-0.012153817607986922j)
4.2175,(0.002369134136349284-0.09422653668024641j),(0.004368359300902163-0.08120624532927272j),0.0009971805638557595,(-0.001999225164552879-0.013020291350973698j)
4.22,(0.0023663313675374347-0.09417081875041966j),(-0.001313172362017227-0.08166492923825747j),0.000925599017955642,(0.0036795037295546617-0.012505889512162194j)
4.2225,(0.0023635335684015616-0.09411516663416694j),(0.0026425347566089714-0.08145330835274926j),0.0009901055469686427,(-0.0002790011882074098-0.012661858281417679j)
4.225,(0.0023607407272019797-0.09405958021502306j),(0.00032237743514686406-0.07974061296991981j),0.0013222752115344657,(0.002038363292055116-0.014318967245103245j)
4.2275,(0.002357952832233467-0.09400405937679747j),(-0.0013690454311135903-0.08599186210596631j),0.0010559937191612636,(0.0037269982633470573-0.008012197270831162j)
4.23,(0.002355169871825402-0.09394860400357322j),(0.0012344531476586721-0.07810643809871809j),0.0010473989479743958,(0.00112071672416673-0.015842165904855127j)
4.2325,(0.002352391834341645-0.09389321397970607j),(-0.0014889061139566778-0.07771119776958584j),0.0012476530829624375,(0.0038412979482983227-0.016182016210120234j)
4.235,(0.00234961870818017-0.09383788918982414j),(0.007967985890521759-0.07903340284452642j),0.0012449758745094448,(-0.005618367182341589-0.014804486345297713j)
4.2375,(0.002346850481773141-0.09378262951882638j),(-0.0008130619467192862-0.08002543931252074j),0.0010433157626784807,(0.0031599124284924273-0.013757190206305642j)
4.24,(0.002344087143586846-0.09372743485188258j),(0.004216810813058428-0.0792778048344392j),0.0010190362239674649,(-0.0018727236694715825-0.014449630017443371j)
4.2425,(0.002341328682121353-0.09367230507443187j),(0.002893523517428954-0.0825067012756522j),0.0010821166193179816,(-0.0005521948353076011-0.011165603798779677j)
4.245,(0.002338575085910718-0.09361724007218257j),(0.0006335355519038226-0.0772824439905037j),0.0009845447402842236,(0.0017050395340068953-0.01633479608167887j)
4.2475000000000005,(0.002335826343522413-0.09356223973111083j),(0.004653910179288885-0.08163789411954013j),0.0010924794116296153,(-0.002318083835766472-0.0119243456115707j)
4.25,(0.0023330824435576123-0.09350730393746023j),(-0.00019550267485162826-0.07640758243153438j),0.001179635790646939,(0.0025285851184092406-0.017099721505925855j)
4.2525,(0.0023303433746508988-0.09345243257774077j),(0.00032129162883631784-0.08182083288807386j),0.0011203824589465082,(0.002009051745814581-0.011631599689666913j)
4.255,(0.002327609125470257-0.09339762553872824j),(-0.002034902455245013-0.07851765642772426j),0.0011248365927076125,(0.0043625115807152705-0.014879969111003977j)
4.2575,(0.0023248796847167414-0.09334288270746338j),(-0.004229001720924644-0.08107005159203544j),0.0011659016217926562,(0.006553881405641386-0.012272831115427943j)
4.26,(0.002322155041124464-0.09328820397125111j),(-0.0020060244545550662-0.07873741019959762j),0.0012371009470885986,(0.00432817949567953-0.014550793771653484j)
4.2625,(0.0023194351834606654-0.09323358921765977j),(0.004922819491203691-0.07990641671480261j),0.001257445341103344,(-0.0026033843077430253-0.013327172502857157j)
4.265,(0.0023167201005253662-0.09317903833452035j),(0.0027596821522637483-0.07514463303597302j),0.001124419376816477,(-0.0004429620517383821-0.01803440529854733j)
4.2675,(0.0023140097811513165-0.09312455120992573j),(0.00180579813312034-0.07753306565161672j),0.0010988579947172287,(0.0005082116480309765-0.015591485558309012j)
4.2700000000000005,(0.002311304214203769-0.0930701277322298j),(0.001761109738433634-0.07891587710962954j),0.001025671839325087,(0.000550194475770135-0.014154250622600256j)
4.2725,(0.0023086033885807264-0.09301576779004699j),(8.385886035438507e-05-0.07755684965598204j),0.0010686387585424467,(0.0022247445282263414-0.015458918134064942j)
4.275,(0.0023059072932123986-0.09296147127225111j),(0.0032349185013959164-0.07793290471113107j),0.0010602367748907648,(-0.0009290112081835177-0.015028566561120046j)
4.2775,(0.0023032159170613058-0.09290723806797496j),(-0.0011460137674033364-0.07429312976337923j),0.0011184977934442402,(0.003449229684464642-0.018614108304595728j)
4.28,(0.0023005292491222627-0.09285306806660944j),(0.006139063519082859-0.07727245987369083j),0.0011171501805144024,(-0.0038385342699605966-0.015580608192918607j)
4.2825,(0.002297847278421951-0.09279896115780262j),(0.0027467073523141285-0.07665945785710088j),0.0012904889373477036,(-0.0004488600738921777-0.01613950330070174j)
4.285,(0.0022951699940191215-0.09274491723145938j),(0.0036902930363030013-0.07968081145439727j),0.0011733364793265325,(-0.0013951230422838798-0.013064105777062102j)
4.2875000000000005,(0.002292497385004311-0.0926909361777403j),(0.004884620245772649-0.08442408039968116j),0.0012000820079576075,(-0.0025921228607683378-0.008266855778059135j)
4.29,(0.0022898294404997935-0.09263701788706107j),(0.002531221707035973-0.07716781675547299j),0.0011676460646397391,(-0.0002413922665361794-0.015469201131588076j)
4.2925,(0.002287166149659467-0.09258316225009189j),(-6.104744274105762e-05-0.08003091787482725j),0.0009381267270458769,(0.0023482135924005245-0.012552244375264643j)
4.295,(0.0022845075016686743-0.09252936915775628j),(0.0024577621642075153-0.0780528817131033j),0.0013427076151329967,(-0.00017325466253884092-0.014476487444652977j)
4.2975,(0.0022818534857441835-0.09247563850123097j),(-0.0019534515582004543-0.07756925083949642j),0.001063745035560186,(0.004235305043944638-0.01490638766173455j)
4.3,(0.00227920409113411-0.09242197017194473j),(0.003738754945591857-0.07274681856361412j),0.0010930768569606562,(-0.0014595508544577467-0.01967515160833061j)
4.3025,(0.002276559307117602-0.09236836406157772j),(0.0025178614051693444-0.07756992389361844j),0.0011260634137019638,(-0.0002413020980517426-0.014798440167959281j)
4.305,(0.0022739191230049718-0.09231482006206075j),(0.003968423291136421-0.07788778954565503j),0.0010897448384821708,(-0.0016945041681314492-0.014427030516405717j)
4.3075,(0.0022712835281374325-0.09226133806557481j),(0.0002991127720338708-0.0768811861163493j),0.0012526929099029819,(0.001972170756103562-0.015380151949225512j)
4.3100000000000005,(0.0022686525118871606-0.09220791796454998j),(0.0036808015025281446-0.07441588839616353j),0.0011070392511109896,(-0.001412148990640984-0.01779202956838645j)
4.3125,(0.002266026063656925-0.09215455965166494j),(-0.0005370728034600166-0.07446930833405105j),0.0011162614879380096,(0.002803098867116942-0.017685251317613893j)
4.315,(0.0022634041728802033-0.09210126301984617j),(0.0010139264169325261-0.07518125618459068j),0.0010803991250860285,(0.0012494777559476772-0.01692000683525549j)
4.3175,(0.0022607868290209893-0.09204802796226723j),(0.0019931812384177093-0.080442106745455j),0.0011471253679683187,(0.00026760559060328-0.011605921216812226j)
4.32,(0.002258174021573687-0.09199485437234814j),(0.00347001078191315-0.07900677918600915j),0.0010518895208146539,(-0.0012118367603394633-0.012988075186338988j)
4.3225,(0.002255565740063039-0.09194174214375456j),(0.006390638525288113-0.08038316909300448j),0.0010604769954846802,(-0.004135072785225074-0.011558573050750073j)
4.325,(0.0022529619740440238-0.09188869117039714j),(-0.00025596688461875845-0.07363436534848808j),0.0011825174001534298,(0.002508928858662782-0.018254325821909057j)
4.3275,(0.002250362713101683-0.09183570134643076j),(0.0036233524288278346-0.07626816061078091j),0.001064825165037702,(-0.0013729897157261518-0.015567540735649851j)
4.33,(0.0022477679468510966-0.09178277256625393j),(0.0023778094126076115-0.07991812512156482j),0.0012707608418228236,(-0.00013004146575651496-0.011864647444689111j)
4.3325000000000005,(0.0022451776649371766-0.09172990472450797j),(0.0016203499550122577-0.07892514147652113j),0.0011024748822375606,(0.0006248277099249189-0.012804763247986836j)
4.335,(0.002242591857034764-0.0916770977160765j),(-0.0016372693482789647-0.07497320535532423j),0.0010464855612782806,(0.0038798612053137288-0.016703892360752273j)
4.3375,(0.002240010512848212-0.09162435143608445j),(0.005725263102426652-0.07869199810693223j),0.001170135673011238,(-0.0034852525895784398-0.012932353329152227j)
4.34,(0.0022374336221116353-0.09157166577989768j),(0.0029438040517493214-0.07876192779644572j),0.001173015691091131,(-0.0007063704296376861-0.01280973798345196j)
4.3425,(0.00223486117458855-0.091519040643122j),(0.0018833614968378582-0.08121060480784323j),0.0012160445216342736,(0.00035149967775069185-0.010308435835278768j)
4.345,(0.0022322931600718813-0.09146647592160272j),(0.003509642205391332-0.07912975310047875j),0.0009361537100346152,(-0.0012773490453194506-0.012336722821123969j)
4.3475,(0.002229729568383873-0.09141397151142394j),(0.003910732284066126-0.07848662505168212j),0.001142343610835802,(-0.0016810027156822526-0.01292734645974182j)
4.3500000000000005,(0.0022271703893758585-0.09136152730890759j),(-0.002050890498270964-0.07928532011783464j),0.001242629181578349,(0.0042780608876468226-0.012076207191072955j)
4.3525,(0.002224615612928409-0.09130914321061318j),(0.002577418559265251-0.07604941636599265j),0.0013547578789411916,(-0.00035280294633684194-0.015259726844620528j)
4.355,(0.0022220652289509173-0.09125681911333673j),(0.0056448955505772344-0.07665218359350207j),0.0012075730088721309,(-0.003422830321626317-0.014604635519834666j)
4.3575,(0.0022195192273817867-0.09120455491411045j),(0.0008718126789001937-0.07463019713462762j),0.0015106001693222543,(0.001347706548481593-0.016574357779482823j)
4.36,(0.0022169775981881346-0.09115235051020164j),(0.0018410826304991732-0.07618882296412563j),0.0010601765925017414,(0.0003758949676889614-0.014963527546076008j)
4.3625,(0.002214440331365822-0.09110020579911242j),(-0.0005422726050674254-0.07808918776513885j),0.0010727950067902182,(0.0027567129364332475-0.013011018033973573j)
4.365,(0.0022119074169392483-0.09104812067857891j),(-0.005103508439790941-0.08312880442459268j),0.0010205024632898782,(0.007315415856730189-0.00791931625398623j)
4.3675,(0.002209378844961361-0.09099609504657043j),(0.001509708730431396-0.07762177169801221j),0.000934015803296224,(0.000699670114529965-0.013374323348558217j)
4.37,(0.00220685460551343-0.09094412880128913j),(-0.00016525946863031103-0.07395350566445791j),0.0012076991294677742,(0.002372114074143741-0.016990623136831223j)
4.3725000000000005,(0.0022043346887050887-0.09089222184116896j),(0.0020763708281467405-0.07279963024306656j),0.0011776302507966914,(0.00012796386055834814-0.018092591598102406j)
4.375,(0.0022018190846741677-0.0908403740648753j),(0.0015516574496792976-0.0773332556046394j),0.0009478090277379408,(0.0006501616349948701-0.013507118460235903j)
4.3775,(0.0021993077835865283-0.09078858537130433j),(-0.0011784998056971906-0.07889226520681561j),0.0011493649767997222,(0.003377807589283719-0.011896320164488716j)
4.38,(0.00219680077563618-0.09073685565958198j),(0.003045070621019013-0.07732519666364276j),0.0011655195762602924,(-0.0008482698453828332-0.013411658995939213j)
4.3825,(0.002194298051044885-0.09068518482906379j),(0.002383784022656722-0.07738062976356884j),0.0012132340300394894,(-0.00018948597161183708-0.013304555065494952j)
4.385,(0.002191799600062295-0.09063357277933384j),(0.0023828930411343265-0.07553540238111371j),0.0009604831384591624,(-0.00019109344107203158-0.015098170398220132j)
4.3875,(0.0021893054129658376-0.09058201941020441j),(0.004324832692059026-0.07272463343345391j),0.0011300595827785456,(-0.0021355272790931886-0.017857385976750503j)
4.39,(0.002186815480060493-0.09053052462171521j),(0.0013676388859381057-0.07538008266848449j),0.001072422981877235,(0.0008191765941223874-0.015150441953230717j)
4.3925,(0.0021843297916787725-0.09047908831413254j),(0.002461329745451679-0.07485043907030144j),0.0012370472563449164,(-0.00027699995377290657-0.015628649243831103j)
4.3950000000000005,(0.002181848338180691-0.09042771038794913j),(0.00547434709341132-0.07794023256593842j),0.0010593026557001034,(-0.0032924987552306294-0.012487477822010706j)
4.3975,(0.0021793711099535526-0.09037639074388278j),(5.830171631138891e-05-0.07534433589127282j),0.0010439116790356925,(0.0021210693936421637-0.015032054852609958j)
4.4,(0.0021768980974119748-0.09032512928287671j),(0.0018786216884688453-0.0774879385450594j),0.0012118583078690153,(0.00029827640894312946-0.012837190737817306j)
4.4025,(0.0021744292909976494-0.09027392590609785j),(0.0020813916587249723-0.07528477606472227j),0.001045897722652271,(9.303763227267716e-05-0.014989149841375587j)
4.405,(0.0021719646811793765-0.09022278051493691j),(0.004512817535846139-0.07819205104323039j),0.0011232923605292817,(-0.0023408528546667623-0.012030729471706525j)
4.4075,(0.0021695042584530533-0.09017169301100768j),(-0.0007766091026372938-0.07314586078393068j),0.001066815805942621,(0.002946113361090347-0.017025832227077j)
4.41,(0.0021670480133411836-0.09012066329614606j),(0.0021196078411136114-0.0777857679813882j),0.0008868719183094621,(4.74401722275722e-05-0.012334895314757857j)
4.4125000000000005,(0.002164595936393334-0.09006969127240981j),(0.0010074586880067988-0.07157860739447958j),0.0010751537813634884,(0.0011571372483865352-0.018491083877930234j)
4.415,(0.002162148018185691-0.09001877684207764j),(0.005051439614083251-0.072612540309255j),0.001158794211564343,(-0.00288929159589756-0.01740623653282264j)
4.4175,(0.002159704249320969-0.08996791990764881j),(-0.0018882762974260395-0.07596415926322664j),0.0011495803246206508,(0.004047980546747008-0.014003760644422172j)
4.42,(0.002157264620428515-0.08991712037184234j),(0.0031903468824403558-0.07860760244443249j),0.0010383877322446638,(-0.0010330822620118409-0.011309517927409848j)
4.4225,(0.002154829122164052-0.08986637813759647j),(0.004440315430692435-0.07407392738741989j),0.0013474174639799693,(-0.002285486308528383-0.015792450750176587j)
4.425,(0.0021523977452096686-0.08981569310806817j),(0.0031025905691210876-0.07434162929702345j),0.0010409694067244303,(-0.000950192823911419-0.015474063811044714j)
4.4275,(0.002149970480273697-0.08976506518663212j),(-0.0005146314256083417-0.07599590251193751j),0.0011434020734526686,(0.0026646019058820386-0.013769162674694607j)
4.43,(0.002147547318090628-0.08971449427688057j),(0.003718447888227339-0.07352872104678908j),0.0010698845848406044,(-0.001570900570136711-0.016185773230091488j)
4.4325,(0.002145128249421073-0.08966398028262249j),(-0.0011071385414004509-0.0757018248101544j),0.0011954817342906179,(0.003252266790821524-0.013962155472468082j)
4.4350000000000005,(0.0021427132650515502-0.08961352310788298j),(0.00296115901935088-0.07216426132042984j),0.0013790832020834913,(-0.0008184457542993297-0.017449261787453138j)
4.4375,(0.0021403023557945333-0.08956312265690268j),(0.002007367370040879-0.07364189866091876j),0.0011576942390294862,(0.0001329349857536544-0.01592122399598392j)
4.44,(0.0021378955124883962-0.08951277883413708j),(0.001954699471830746-0.07118719607669548j),0.0009487594007854595,(0.00018319604065765004-0.018325582757441602j)
4.4425,(0.0021354927259970478-0.0894624915442562j),(0.00015409090976675876-0.07429854517027065j),0.00102846618404848,(0.001981401816230289-0.015163946373985548j)
4.445,(0.00213309398721017-0.08941226069214368j),(0.0006026556619891661-0.07537916094565292j),0.0011089168499286055,(0.0015304383252210038-0.014033099746490765j)
4.4475,(0.0021306992870429703-0.0893620861828962j),(0.002458406822021194-0.07553391608145794j),0.0009129515299772878,(-0.0003277075349782236-0.013828170101438261j)
4.45,(0.0021283086164361545-0.08931196792182321j),(-0.00022488483879705008-0.07086720323437444j),0.0011979647438187528,(0.0023531934552332044-0.018444764687448767j)
4.4525,(0.0021259219663557483-0.08926190581444586j),(0.0014751135121238313-0.07759849691089815j),0.0010209207879627912,(0.000650808454231917-0.011663408903547709j)
4.455,(0.00212353932779309-0.0892118997664968j),(-0.0021995096199750254-0.07424767082285098j),0.0010850949701495757,(0.004323048947768115-0.01496422894364581j)
4.4575000000000005,(0.00212116069176482-0.0891619496839194j),(0.0011002704304117054-0.07441913440105027j),0.0010505942645951765,(0.0010208902613531145-0.014742815282869123j)
4.46,(0.0021187860493125724-0.08911205547286727j),(-0.0005958849700930892-0.07699128442262745j),0.0012314724540704398,(0.0027146710194056616-0.012120771050239815j)
4.4625,(0.0021164153915030977-0.08906221703970348j),(0.0015636016461651574-0.07292916008171196j),0.0010722621872621778,(0.0005528137453379403-0.016133056957991512j)
4.465,(0.0021140487094281415-0.08901243429100023j),(-0.0005975037479348414-0.07573475338155643j),0.0011386169269250617,(0.002711552457362983-0.013277680909443798j)
4.4675,(0.002111685994204207-0.08896270713353795j),(0.0021693061881996245-0.07671071118944657j),0.001181231966182014,(-5.762019399541737e-05-0.012251995944091376j)
4.47,(0.002109327236972716-0.08891303547430518j),(0.0033294918058010977-0.07186312691902803j),0.0008256176799991365,(-0.0012201645688283817-0.017049908555277146j)
4.4725,(0.002106972428899749-0.08886341922049755j),(0.0020790271004172472-0.07464094880770387j),0.000984077563182491,(2.7945328482501756e-05-0.014222470412793675j)
4.4750000000000005,(0.0021046215611760025-0.08881385827951736j),(-0.0012221753180125365-0.07031414753172104j),0.0011050135787199636,(0.0033267968791885387-0.018499710747796327j)
4.4775,(0.0021022746250167015-0.08876435255897311j),(0.001217850156909842-0.07498934895178123j),0.0011857244314189496,(0.0008844244681068595-0.013775003607191874j)
4.48,(0.0020999316116616065-0.0887149019666788j),(0.004867461211044595-0.07413013380169493j),0.0011940906285986697,(-0.0027675295993829885-0.014584768164983872j)
4.4825,(0.00209759251237481-0.08866550641065336j),(0.0009188085257520172-0.07371367231952465j),0.0010932742013238525,(0.0011787839866227927-0.014951834091128713j)
4.485,(0.002095257318444687-0.08861616579912016j),(0.0018595311359218523-0.07363533916238268j),0.0010754888278891993,(0.00023572618252283464-0.014980826636737471j)
4.4875,(0.002092926021183889-0.08856688004050639j),(0.003687763599777014-0.07231016110739427j),0.0011439103073119083,(-0.0015948375785931248-0.01625671893311212j)
4.49,(0.0020905986119291336-0.08851764904344246j),(0.0023596587219331133-0.07688048597314767j),0.0011636908007847905,(-0.00026906011000397967-0.01163716307029479j)
4.4925,(0.0020882750820412437-0.08846847271676157j),(0.004321421582440793-0.07025400149627418j),0.0010544507226895575,(-0.0022331465003995496-0.018214471220487388j)
4.495,(0.002085955422905015-0.08841935096949902j),(0.003026044867150589-0.07465721208242698j),0.001180500289921971,(-0.0009400894442455742-0.013762138887072034j)
4.4975000000000005,(0.0020836396259291123-0.08837028371089167j),(0.0005205693904063812-0.07401171514450272j),0.0012697924645924208,(0.0015630702355227313-0.014358568566388952j)
4.5,(0.0020813276825461025-0.08832127085037739j),(-0.00221420005072334-0.07012447707434276j),0.0011707678059222656,(0.004295527733269442-0.018196793776034628j)
4.5025,(0.002079019584212154-0.0882723122975946j),(0.002851224653152945-0.07313100119920674j),0.0009174058027040636,(-0.0007722050689407912-0.015141311098387858j)
4.505,(0.002076715322407239-0.08822340796238144j),(0.002659394903604202-0.06802926660353324j),0.0010078421921975024,(-0.000582679581196963-0.0201941413588482j)
4.5075,(0.002074414888634788-0.08817455775477576j),(0.0008487619739460527-0.0688112610783477j),0.001110127000852819,(0.0012256529146887352-0.019363296676428055j)
4.51,(0.0020721182744218402-0.08812576158501383j),(0.0015669459838275957-0.07523245986460189j),0.0010895510790827302,(0.0005051722905942445-0.012893301720411934j)
4.5125,(0.002069825471318801-0.08807701936353042j),(0.0051705837043097705-0.07386044074223762j),0.000939613821206458,(-0.0031007582329909697-0.014216578621292802j)
4.515,(0.0020675364708993837-0.08802833100095789j),(-0.0032828180092079346-0.07380777442061702j),0.0010034353196874115,(0.005350354480107318-0.014220556580340868j)
4.5175,(0.0020652512647606936-0.08797969640812596j),(0.001853136822645517-0.07239207792422088j),0.0011263195175204867,(0.0002121144421151765-0.01558761848390508j)
4.5200000000000005,(0.002062969844522956-0.08793111549606075j),(0.0016762369482910804-0.0699539736384245j),0.001078363607554887,(0.0003867328962318755-0.017977141857636256j)
4.5225,(0.002060692201829423-0.08788258817598461j),(-0.00014627412295337326-0.07073042557064829j),0.0011328700145923512,(0.002206966324782796-0.01715216260533632j)
4.525,(0.002058418328346576-0.08783411435931533j),(0.002993428341320722-0.07418847681337033j),0.001065225792054229,(-0.0009350100129741461-0.013645637545945j)
4.5275,(0.0020561482157637557-0.08778569395766579j),(-0.0008882488341329421-0.07626324090905531j),0.0011363920910052064,(0.0029443970498966975-0.011522453048610479j)
4.53,(0.002053881855793196-0.08773732688284337j),(0.0031159140325241748-0.07492869798648992j),0.0010157079978817918,(-0.0010620321767309789-0.012808628896353452j)
4.5325,(0.0020516192401698946-0.08768901304684923j),(0.001790470248775066-0.07114605183658754j),0.0010971092135148835,(0.00026114899139482854-0.016542961210261692j)
4.535,(0.0020493603606516995-0.08764075236187814j),(-0.0013321731881594117-0.0742355445766008j),0.0010078255518112084,(0.003381533548811111-0.013405207785277345j)
4.5375000000000005,(0.0020471052090190018-0.08759254474031763j),(0.00295652355981047-0.06988943717881255j),0.001117373348084257,(-0.0009094183507914683-0.017703107561505088j)
4.54,(0.0020448537770749293-0.0875443900947475j),(0.0025374599361204743-0.07466674714309854j),0.001155402230249904,(-0.000492606159045545-0.012877642951648963j)
4.5425,(0.002042606056644941-0.08749628833793958j),(0.0033502048446193483-0.07219774551537611j),0.00118825666147494,(-0.0013075987879744072-0.015298542822563474j)
4.545,(0.002040362039577065-0.08744823938285676j),(0.0026065930551946023-0.07542500675063994j),0.0011021804219236155,(-0.0005662310156175372-0.012023232632216815j)
4.5475,(0.0020381217177416542-0.08740024314265289j),(-7.45435811445358e-05-0.06930857298897915j),0.001050792470047765,(0.0021126652988861902-0.018091670153673745j)
4.55,(0.0020358850830313148-0.08735229953067195j),(0.002980468222463654-0.07705812519113417j),0.0009787510904524044,(-0.0009445831394323391-0.010294174339537776j)
4.5525,(0.002033652127361008-0.08730440846044767j),(0.00037142663485853803-0.07575807035022677j),0.0008591890442428226,(0.00166222549250247-0.011546338110220891j)
4.555,(0.002031422842667693-0.08725656984570299j),(0.0021087713525411514-0.07105313371300484j),0.0010927157896303214,(-7.734850987345821e-05-0.016203436132698146j)
4.5575,(0.0020291972209103893-0.0872087836003496j),(0.002436328121500865-0.07166128965380955j),0.0011823556047983227,(-0.0004071309005904758-0.01554749394654005j)
4.5600000000000005,(0.0020269752540702634-0.0871610496384873j),(0.004469608763161698-0.06956220698262126j),0.0009886742875448652,(-0.0024426335090914344-0.01759884265586603j)
4.5625,(0.0020247569341502805-0.08711336787440348j),(0.00816102207231797-0.07391313268638937j),0.0011340232433643869,(-0.006136265138167689-0.013200235188014109j)
4.565,(0.0020225422531753258-0.08706573822257287j),(-8.326193798101622e-06-0.07314118071094929j),0.0009757437675281354,(0.0020308684469734274-0.013924557511623581j)
4.5675,(0.002020331203192037-0.08701816059765669j),(0.0015777615279893944-0.07264291454342033j),0.001198008272904145,(0.0004425696752026428-0.01437524605423636j)
4.57,(0.0020181237762687933-0.08697063491450235j),(0.000112866394831972-0.06886597689942932j),0.0013432130828481765,(0.0019052573814368214-0.018104658015073036j)
4.5725,(0.00201591996449559-0.08692316108814287j),(9.787560725952913e-05-0.07523813271579437j),0.0011538551412489037,(0.0019180443572360607-0.0116850283723485j)
4.575,(0.002013719759984005-0.08687573903379636j),(0.005988729889249189-0.0725526440132766j),0.001162695567649757,(-0.003975010129265184-0.01432309502051976j)
4.5775,(0.0020115231548671173-0.08682836866686555j),(0.0005260701017216946-0.06846735018370032j),0.0012767925709880495,(0.0014854530531454228-0.018361018483165237j)
4.58,(0.002009330141299451-0.0867810499029374j),(0.0043307015091137565-0.0728715441553229j),0.0009666269001360127,(-0.0023213713678143055-0.0139095057476145j)
4.5825000000000005,(0.0020071407114568003-0.08673378265778238j),(0.001004522864119363-0.0675261337454003j),0.0011127938725279342,(0.0010026178473374373-0.01920764891238208j)
4.585,(0.002004954857536397-0.08668656684735397j),(-0.0027733152487927648-0.06715487001582152j),0.0010734439957143093,(0.004778270106329162-0.019531696831532455j)
4.5875,(0.002002772571756614-0.08663940238778844j),(0.004008131751577284-0.07243514357873278j),0.0013647863913797242,(-0.0020053591798206696-0.014204258809055667j)
4.59,(0.0020005938463569565-0.0865922891954042j),(0.002315855347265689-0.06945112172177444j),0.0010141193272337084,(-0.00031526150090873273-0.01714116747362976j)
4.5925,(0.0019984186735980433-0.0865452271867011j),(0.005390129167466551-0.07021593004276007j),0.00110328492213482,(-0.0033917104938685073-0.016329297143941032j)
4.595,(0.001996247045761515-0.08649821627836028j),(0.003746411836209515-0.06876357201456422j),0.001133777173175344,(-0.0017501647904480003-0.017734644263796062j)
4.5975,(0.001994078955149937-0.08645125638724348j),(0.0024189849253548738-0.07235243319844553j),0.0010432628398280048,(-0.00042490597020493695-0.014098823188797946j)
4.6000000000000005,(0.0019919143940867598-0.08640434743039256j),(0.003322093712066273-0.07526111086934875j),0.0010127766514930713,(-0.0013301793179795133-0.01114323656104381j)
4.6025,(0.001989753354916248-0.08635748932502914j),(-4.646648703670743e-05-0.07487255444814377j),0.0009060012024127065,(0.0020362198419529554-0.011484934876885372j)
4.605,(0.0019875958300033993-0.08631068198855396j),(0.00043705205129803-0.0719687817495001j),0.001121287268576201,(0.0015505437787053694-0.014341900239053865j)
4.6075,(0.0019854418117338916-0.08626392533854647j),(0.005128028598971295-0.06908158968963607j),0.0010712407774799448,(-0.0031425867872374035-0.017182335648910405j)
4.61,(0.001983291292514026-0.08621721929276428j),(0.0034051873698910974-0.06921583989989785j),0.0012647722759563428,(-0.0014218960773770715-0.01700137939286643j)
4.6125,(0.0019811442647705937-0.08617056376914281j),(0.001766868199031399-0.07490113970653078j),0.0010808704587781171,(0.0002142760657391947-0.011269424062612027j)
4.615,(0.0019790007209509403-0.08612395868579475j),(0.003270096315360535-0.07008845351113303j),0.001072294492819417,(-0.0012910955944095948-0.01603550517466172j)
4.6175,(0.00197686065352271-0.08607740396100944j),(0.001550544424901464-0.07243379077089084j),0.0011898318434643812,(0.000426316228621246-0.0136436131901186j)
4.62,(0.0019747240549740294-0.08603089951325268j),(0.004536021452765372-0.07011717149561253j),0.0010916388713707956,(-0.002561297397791343-0.015913728017640155j)
4.6225000000000005,(0.001972590917813198-0.08598444526116603j),(-0.00031174517766732496-0.07213707810366878j),0.0009228597435286878,(0.002284336095480523-0.01384736715749725j)
4.625,(0.001970461234568712-0.08593804112356633j),(-0.003729251462107761-0.06977724753527867j),0.001207409125234823,(0.005699712696676473-0.01616079358828766j)
4.6275,(0.0019683349977893064-0.08589168701944544j),(0.0010226240120982304-0.07278343814222939j),0.0012596840986625196,(0.0009457109856910761-0.013108248877216053j)
4.63,(0.0019662122000437053-0.08584538286796947j),(-0.0027039101070736723-0.07234221411305328j),0.00111140539379619,(0.004670122307117377-0.013503168754916195j)
4.6325,(0.001964092833920653-0.08579912858847863j),(0.0004951079704172058-0.069848566335662j),0.0008893379739454427,(0.0014689848635034473-0.01595056225281663j)
4.635,(0.001961976892028963-0.08575292410048646j),(-0.0010686303543891475-0.07465570261209116j),0.0010452131321820953,(0.0030306072464181106-0.0110972214883953j)
4.6375,(0.0019598643669971904-0.08570676932367964j),(-0.001264146778146897-0.07037883397325567j),0.0013443891386734888,(0.0032240111451440874-0.015327935350423968j)
4.64,(0.0019577552514737384-0.08566066417791726j),(-0.004451830039492576-0.06899980191656059j),0.0010889457707174317,(0.006409585290966314-0.01666086226135667j)
4.6425,(0.0019556495381268715-0.0856146085832306j),(-0.00011408506707335363-0.06860574047007281j),0.0010798156731923198,(0.002069734605200225-0.017008868113157785j)
4.6450000000000005,(0.0019535472196444297-0.08556860245982251j),(0.0028584165391756016-0.07172934283355599j),0.0011363192915463107,(-0.0009048693195311719-0.013839259626266517j)
4.6475,(0.0019514482887338905-0.08552264572806703j),(0.0006222426063751307-0.07209999307345957j),0.0010595828525077054,(0.0013292056823587597-0.013422652654607459j)
4.65,(0.0019493527381223706-0.08547673830850877j),(0.000443454361261317-0.07007332482718949j),0.0011109636102381,(0.0015058983768610535-0.01540341348131928j)
4.6525,(0.0019472605605564861-0.08543088012186283j),(0.00241837136477741-0.06874885010011159j),0.0011423164031830978,(-0.00047111080422092386-0.01668203002175124j)
4.655,(0.001945171748802214-0.08538507108901384j),(0.00053691166250999-0.0660399022553341j),0.001167579387154545,(0.001408260086292224-0.019345168833679746j)
4.6575,(0.0019430862956449808-0.08533931113101594j),(0.006195376632308962-0.07383392335007453j),0.0013850483865973698,(-0.004252290336663981-0.0115053877809414j)
4.66,(0.001941004193889515-0.08529360016909208j),(0.0005630818013792393-0.06900381530279842j),0.00099516208202933,(0.0013779223925102758-0.016289784866293663j)
4.6625000000000005,(0.0019389254363597708-0.08524793812463369j),(-0.00012784283413159724-0.07045702283210893j),0.0009140973524674786,(0.002066768270491368-0.014790915292524756j)
4.665,(0.00193685001589894-0.08520232491920007j),(0.002476019442856236-0.06609979947042825j),0.0010341914747825879,(-0.0005391694269572958-0.01910252544877182j)
4.6675,(0.0019347779253693215-0.0851567604745182j),(-0.00036964420169726655-0.0692603836683506j),0.001345336571894115,(0.002304422127066588-0.015896376806167595j)
4.67,(0.0019327091576523076-0.08511124471248196j),(-0.0038241171562431535-0.06779025159629587j),0.0010114618006242708,(0.005756826313895461-0.017320993116186095j)
4.6725,(0.0019306437056482056-0.08506577755515213j),(0.003435636060805671-0.07356408668984224j),0.0011585016021593564,(-0.0015049923551574654-0.011501690865309888j)
4.675,(0.0019285815622764062-0.08502035892475543j),(0.0017698644246485426-0.06827583009911312j),0.00132947602297555,(0.0001587171376278636-0.016744528825642313j)
4.6775,(0.0019265227204751506-0.08497498874368448j),(0.0041402469246695295-0.07310119257964857j),0.0012079806423770858,(-0.0022137242041943787-0.011873796164035902j)
4.68,(0.001924467173201401-0.08492966693449716j),(0.0024530197415188965-0.06790602178667977j),0.0011740225908757904,(-0.0005285525683174956-0.017023645147817387j)
4.6825,(0.0019224149134310748-0.08488439341991623j),(0.0012026421006772242-0.06932635809102759j),0.0010815864168971835,(0.0007197728127538506-0.015558035328888636j)
4.6850000000000005,(0.0019203659341585815-0.08483916812282896j),(0.004657664552916043-0.06720523913538565j),0.0011236809233499299,(-0.002737298618757462-0.017633928987443315j)
4.6875,(0.0019183202283971435-0.0847939909662864j),(0.002457873018542693-0.07019813542810456j),0.001169855519505983,(-0.0005395527901455497-0.014595855538181837j)
4.69,(0.001916277789178531-0.08474886187350349j),(0.0001692789390335656-0.06917701676737863j),0.001083917021652576,(0.0017469988501449653-0.01557184510612486j)
4.6925,(0.0019142386095529628-0.08470378076785798j),(-0.00386710720528816-0.0684395440758862j),0.0011031115306214337,(0.005781345814841123-0.016264236691971773j)
4.695,(0.0019122026825892555-0.08465874757289052j),(0.0047114811971772225-0.07458757553374543j),0.0012696543757346448,(-0.002799278514587967-0.010071172039145093j)
4.6975,(0.0019101700013745436-0.08461376221230396j),(0.000614184590083129-0.07245383370332978j),0.00131589389474348,(0.0012959854112914145-0.012159928508974183j)
4.7,(0.0019081405590143053-0.08456882460996297j),(-0.0031967843631821964-0.06920433332574084j),0.0011296120557446746,(0.005104924922196502-0.015364491284222126j)
4.7025,(0.0019061143486324107-0.08452393468989362j),(0.0007703780429985151-0.07340747675014013j),0.0012546866401099974,(0.0011357363056338956-0.011116457939753494j)
4.705,(0.0019040913633708281-0.08447909237628301j),(0.004220355625416668-0.06746480959059255j),0.0011141785566274494,(-0.00231626426204584-0.017014282785690463j)
4.7075000000000005,(0.001902071596389855-0.08443429759347874j),(-0.0019209199259968932-0.07451487259386076j),0.0010042719635558485,(0.003822991522386748-0.009919424999617982j)
4.71,(0.0019000550408677552-0.08438955026598857j),(0.0022973843148346973-0.06411902637125386j),0.0010042697423317947,(-0.0003973292739669421-0.020270523894734715j)
4.7125,(0.0018980416900010067-0.08434485031847996j),(0.00141242583402204-0.06902400653228044j),0.0013278387717026651,(0.00048561585597896675-0.015320843786199523j)
4.715,(0.0018960315370039555-0.08430019767577956j),(0.004100213034135048-0.07130521209726404j),0.0009143045901544388,(-0.0022041814971310927-0.012994985578515528j)
4.7175,(0.001894024575108978-0.08425559226287309j),(0.004041541157543136-0.07082025622525297j),0.0011435128088270296,(-0.0021475165824341577-0.013435336037620121j)
4.72,(0.0018920207975662937-0.08421103400490448j),(0.003965988835230988-0.0678623508816417j),0.0011876670515656516,(-0.002073968037664694-0.016348683123262778j)
4.7225,(0.0018900201976440026-0.08416652282717584j),(-0.00022745092904200413-0.06638399411396863j),0.0014092844550894184,(0.002117471126686007-0.017782528713207207j)
4.7250000000000005,(0.0018880227686279378-0.08412205865514685j),(0.002794984535011296-0.06874516626136054j),0.001128712866031198,(-0.0009069617663833582-0.015376892393786312j)
4.7275,(0.0018860285038217153-0.08407764141443438j),(0.00026623777986900646-0.06613881145436913j),0.001235069798597949,(0.0016197907239527088-0.017938829960065253j)
4.73,(0.0018840373965465355-0.08403327103081207j),(0.0016545750393219618-0.06770193835031553j),0.0010899051684059512,(0.00022946235722457364-0.016331332680496538j)
4.7325,(0.001882049440141251-0.08398894743020989j),(-0.002135150115288545-0.06780529873640226j),0.0010395396432283503,(0.004017199555429796-0.01618364869380763j)
4.735,(0.001880064627962281-0.08394467053871382j),(0.006213228220126788-0.0670079721875989j),0.0011108437961904276,(-0.004333163592164507-0.01693669835111493j)
4.7375,(0.001878082953383493-0.0839004402825654j),(9.691749688358748e-05-0.06343862943925939j),0.0012211085488383962,(0.0017811654564999055-0.020461810843306005j)
4.74,(0.0018761044097962841-0.08385625658816123j),(0.003349142669831771-0.06728018391004267j),0.0011086635560477289,(-0.001473038260035487-0.01657607267811856j)
4.7425,(0.0018741289906093318-0.08381211938205271j),(-0.0034580611994831667-0.06482284101826584j),0.0009258647863197097,(0.005332190190092499-0.018989278363786874j)
4.745,(0.00187215668924868-0.08376802859094555j),(0.002010046449134483-0.06605687473886922j),0.0009737131607457307,(-0.0001378897598858027-0.017711153852076333j)
4.7475000000000005,(0.001870187499157746-0.08372398414169938j),(0.005583557915014203-0.06694332385240624j),0.0010273824878869729,(-0.0037133704158564566-0.016780660289293134j)
4.75,(0.0018682214137970348-0.08367998596132722j),(0.002784290336563789-0.06692621343387209j),0.0009518210694187991,(-0.0009160689227667542-0.016753772527455135j)
4.7525,(0.001866258426644302-0.08363603397699551j),(-0.00024061058069635508-0.06911816318303154j),0.0010771236672315393,(0.002106869007340657-0.014517870793963966j)
4.755,(0.0018642985311944067-0.08359212811602297j),(0.003124559242236815-0.06860840841626381j),0.0011101388993410082,(-0.0012602607110424084-0.01498371969975916j)
4.7575,(0.001862341720959224-0.08354826830588107j),(0.002077370687446624-0.06852275875728825j),0.0011594893531835994,(-0.00021502896648740023-0.015025509548592816j)
4.76,(0.0018603879894676977-0.08350445447419282j),(0.0037948411537222664-0.06958449439659004j),0.0013305446306819788,(-0.0019344531642545688-0.01391996007760278j)
4.7625,(0.0018584373302656778-0.08346068654873302j),(0.0012454222291614846-0.06894951574187902j),0.0010593343457329634,(0.0006130151011041931-0.014511170806854004j)
4.765,(0.0018564897369159966-0.08341696445742743j),(0.0032156975167130838-0.06816765925794324j),0.0010945033875712556,(-0.0013592077797970872-0.015249305199484184j)
4.7675,(0.0018545452029982098-0.08337328812835262j),(0.003037407186259058-0.07021391185665181j),0.0012914474518074914,(-0.001182861983260848-0.013159376271700815j)
4.7700000000000005,(0.0018526037221087493-0.08332965748973543j),(-0.00040170656465587945-0.0661834881808508j),0.0009672978531612589,(0.002254310286764629-0.01714616930888463j)
4.7725,(0.0018506652878607734-0.08328607246995262j),(-0.005247643532537686-0.06875811646198375j),0.0012157050032615185,(0.007098308820398459-0.01452795600796887j)
4.775,(0.0018487298938841415-0.08324253299753068j),(0.0025600725387930497-0.06817038118748298j),0.0011338343677603435,(-0.0007113426449089082-0.015072151810047701j)
4.7775,(0.0018467975338253078-0.08319903900114496j),(-0.0012396862426933119-0.06519883036541282j),0.0010387362864264947,(0.0030864837765186195-0.018000208635732137j)
4.78,(0.0018448682013474365-0.0831555904096198j),(0.0015714493151984552-0.06841611585510222j),0.0011394319397915547,(0.00027341888614898133-0.014739474554517573j)
4.7825,(0.0018429418901299997-0.08311218715192788j),(0.002758538796279586-0.06581155925040424j),0.0010703494338337941,(-0.0009155969061495864-0.017300627901523633j)
4.785,(0.00184101859386916-0.08306882915718976j),(0.0032786055572996413-0.06429970423776353j),0.0010894239080451236,(-0.0014375869634304813-0.018769124919426228j)
4.7875000000000005,(0.0018390983062774398-0.08302551635467384j),(0.0036404444056141877-0.06769167578125938j),0.0011157889495305776,(-0.001801346099336748-0.015333840573414456j)
4.79,(0.0018371810210837012-0.0829822486737955j),(0.0019425836073412425-0.06672141563489413j),0.001219545928517485,(-0.00010540258625754131-0.01626083303890137j)
4.7925,(0.0018352667320331911-0.08293902604411711j),(0.0043260663457995755-0.06715459079350891j),0.001074119446510881,(-0.002490799613766384-0.0157844352506082j)
4.795,(0.0018333554328873794-0.08289584839534743j),(0.0002456918910559075-0.06675968124543612j),0.0012145092562581316,(0.001587663541831472-0.016136167149911312j)
4.7975,(0.0018314471174240515-0.0828527156573414j),(0.004337279836905299-0.06196947176291087j),0.001153418246590024,(-0.0025058327194812475-0.020883243894430525j)
4.8,(0.001829541779437057-0.08280962776009955j),(-0.0008265910212447164-0.07043254597846259j),0.0010847472429112762,(0.0026561328006817733-0.012377081781636962j)
4.8025,(0.0018276394127364386-0.08276658463376776j),(-0.0020729058537958625-0.06567221933181541j),0.0011871478431708358,(0.003900545266532301-0.017094365301952352j)
4.805,(0.0018257400111482787-0.08272358620863687j),(0.0004838802168563923-0.06261910543248829j),0.001168739028839888,(0.0013418597942918863-0.020104480776148584j)
4.8075,(0.001823843568514748-0.08268063241514234j),(-0.0009679831226073527-0.06562259387720303j),0.0011172189780571347,(0.002791826691122101-0.017058038537939316j)
4.8100000000000005,(0.001821950078693902-0.08263772318386378j),(-0.00039533173647445484-0.06272224150226959j),0.001051628299712961,(0.002217281815168357-0.019915481681594197j)
4.8125,(0.0018200595355597816-0.08259485844552462j),(-0.0016485621223963226-0.06158252638976513j),0.0008147705561211989,(0.0034686216579561044-0.021012332055759496j)
4.815,(0.0018181719330023205-0.08255203813099178j),(0.002680189616457311-0.06652753978104128j),0.0011145019688640829,(-0.0008620176834549904-0.016024498349950497j)
4.8175,(0.0018162872649272097-0.08250926217127515j),(-0.0014152375420178923-0.06710043967014627j),0.0012846585304026195,(0.0032315248069451023-0.015408822501128877j)
4.82,(0.001814405525255917-0.08246653049752752j),(0.00329356711749823-0.07197789395174005j),0.0010216650559694178,(-0.0014791615922423132-0.010488636545787466j)
4.8225,(0.001812526707925767-0.08242384304104387j),(0.003969726846683381-0.06948934412280551j),0.0010695778464159746,(-0.0021572001387576145-0.012934498918238363j)
4.825,(0.0018106508068895938-0.08238119973326123j),(0.001307283425972392-0.06717030287222266j),0.0013143005864183171,(0.0005033673809172019-0.015210896861038575j)
4.8275,(0.001808777816115992-0.08233860050575816j),(0.003632259329481594-0.06279737967802315j),0.0010201979019697288,(-0.001823481513365602-0.019541220827735004j)
4.83,(0.0018069077295890378-0.0822960452902545j),(0.00042849999912773686-0.06235081902408157j),0.000904659805066522,(0.001378407730461301-0.019945226266172927j)
4.8325000000000005,(0.0018050405413084186-0.08225353401861113j),(0.0016164828565967647-0.06685680502573091j),0.0011442952365631077,(0.00018855768471165392-0.015396728992880221j)
4.835,(0.0018031762452892708-0.08221106662282911j),(0.00544763421999437-0.06261455421574644j),0.0010394923109098234,(-0.003644457974705099-0.01959651240708267j)
4.8375,(0.001801314835562194-0.08216864303505002j),(0.0005085455512622219-0.06624530157257318j),0.0010961213256879714,(0.001292769284299972-0.015923341462476842j)
4.84,(0.0017994563061731572-0.08212626318755492j),(-0.001819072775547731-0.06761514362172792j),0.0009898223284830034,(0.0036185290817208884-0.014511119565827j)
4.8425,(0.0017976006511834725-0.08208392701276455j),(0.0010677098998120292-0.06151612742067278j),0.0011727813342777415,(0.0007298907513714433-0.020567799592091776j)
4.845,(0.001795747864669729-0.0820416344432386j),(0.0044442517906933925-0.06539528025975033j),0.0011462611611957503,(-0.0026485039260236635-0.01664635418348827j)
4.8475,(0.0017938979407237938-0.08199938541167545j),(0.005872718041030992-0.06469819531918368j),0.0011346359918479462,(-0.004078820100307198-0.017301190092491772j)
4.8500000000000005,(0.001792050873452736-0.08195717985091196j),(-0.0003265592851144412-0.06393976093020882j),0.0012470661839796087,(0.002118610158567177-0.018017418920703132j)
4.8525,(0.0017902066569787684-0.08191501769392288j),(0.004526446203714418-0.06258454665980864j),0.0012569436993117142,(-0.0027362395467356495-0.01933047103411424j)
4.855,(0.0017883652854392086-0.08187289887382067j),(0.0005867885045533215-0.06812191696601683j),0.001206791169018667,(0.001201576780885887-0.013750981907803841j)
4.8575,(0.0017865267529864233-0.08183082332385512j),(0.00589913443445847-0.06589371473917502j),0.0010428089828690306,(-0.004112607681472047-0.0159371085846801j)
4.86,(0.001784691053787843-0.0817887909774129j),(0.003995842108640716-0.06759916695831271j),0.00087559380246197,(-0.002211151054852873-0.014189624019100192j)
4.8625,(0.0017828581820257773-0.0817468017680173j),(-9.385868452502371e-05-0.06766802061223146j),0.001106787334185937,(0.001876716866550801-0.014078781155785841j)
4.865,(0.0017810281318975617-0.0817048556293279j),(0.003278424249531492-0.06422414936223816j),0.0010906182063504966,(-0.0014973961176339304-0.017480706267089738j)
4.8675,(0.0017792008976153684-0.08166295249514009j),(0.0030052015362354374-0.06571286237020399j),0.0011598877936451492,(-0.001226000638620069-0.015950090124936103j)
4.87,(0.0017773764734061032-0.08162109229938494j),(-0.0007570587689050656-0.06716424873409321j),0.001092995811039288,(0.0025344352423111688-0.014456843565291727j)
4.8725000000000005,(0.001775554853511613-0.08157927497612862j),(0.002361663338259576-0.06513227322760336j),0.001164340752888146,(-0.000586108484747963-0.01644700174852526j)
4.875,(0.0017737360321884179-0.08153750045957214j),(0.00018187898616076664-0.06865907319728529j),0.0012644997149072617,(0.0015918570460276512-0.012878427262286857j)
4.8775,(0.0017719200037077086-0.08149576868405108j),(-2.1795438656333574e-05-0.06294527055594433j),0.0010744534534355365,(0.001793715442364042-0.018550498128106746j)
4.88,(0.0017701067623553273-0.08145407958403525j),(0.00014653464910481152-0.06413869786634493j),0.0013129571374867475,(0.0016235721132505157-0.017315381717690315j)
4.8825,(0.001768296302431766-0.08141243309412823j),(0.002127456951562986-0.06149569458361575j),0.0010016469781099421,(-0.0003591606491312202-0.019916738510512476j)
4.885,(0.0017664886182519987-0.08137082914906696j),(-0.000544750015061301-0.06512361092487914j),0.0011685612651991292,(0.0023112386333132996-0.016247218224187815j)
4.8875,(0.0017646837041456346-0.0813292676837218j),(-0.0019730718194957086-0.06920195706180918j),0.001156327699863064,(0.003737755523641343-0.012127310621912621j)
4.89,(0.0017628815544566332-0.08128774863309558j),(-0.0009602028512767002-0.0639078916946856j),0.0009796038335555869,(0.0027230844057333334-0.017379856938409988j)
4.8925,(0.0017610821635434264-0.08124627193232395j),(0.003210855777953813-0.06531611572211254j),0.0010646736009980696,(-0.0014497736144103864-0.015930156210211405j)
4.8950000000000005,(0.0017592855257788332-0.08120483751667447j),(0.0004624903507352751-0.06274890142865648j),0.0010979857747165204,(0.001296795175043558-0.018455936088017988j)
4.8975,(0.0017574916355500472-0.08116344532154653j),(0.00588191098103482-0.06224414128142308j),0.0011123608678519708,(-0.0041244193454847726-0.018919304040123444j)
4.9,(0.0017557004872584745-0.08112209528247105j),(-0.003561639073923019-0.06270297008055736j),0.0010466485537148754,(0.0053173395611814936-0.01841912520191369j)
4.9025,(0.0017539120753198017-0.08108078733511001j),(0.000637207007594569-0.05868799046170383j),0.0009983975470880802,(0.0011167050677252327-0.02239279687340618j)
4.905,(0.0017521263941639607-0.08103952141525618j),(0.005017331612174536-0.06466061039115596j),0.0012902114949509013,(-0.003265205218010575-0.016378911024100218j)
4.9075,(0.0017503434382350256-0.08099829745883286j),(0.0032481784935194298-0.06396150476925025j),0.001203071319469979,(-0.001497835055284404-0.01703679268958261j)
4.91,(0.0017485632019911513-0.08095711540189342j),(0.0038613223477019032-0.06710700516635458j),0.0010962775659445194,(-0.002112759145710752-0.013850110235538837j)
4.9125000000000005,(0.0017467856799046318-0.08091597518062103j),(0.003968199755057745-0.06256324437482147j),0.0013502900264524794,(-0.0022214140751531134-0.018352730805799564j)
4.915,(0.0017450108664617547-0.08087487673132837j),(0.0035865852615126585-0.06670653582064055j),0.0012081178962959208,(-0.0018415743950509038-0.014168340910687818j)
4.9175,(0.001743238756162842-0.08083381999045729j),(-0.0002214430750036013-0.06244920298826014j),0.0012066328549299097,(0.001964681831166443-0.018384617002197144j)
4.92,(0.0017414693435220813-0.08079280489457837j),(0.0010222168098852694-0.06873567690408493j),0.0010634151726453983,(0.0007192525336368119-0.012057127990493438j)
4.9225,(0.0017397026230676765-0.08075183138039074j),(0.00014767861151636835-0.06254805760676582j),0.0012029687635131236,(0.0015920240115513081-0.01820377377362492j)
4.925,(0.001737938589341593-0.08071089938472162j),(0.003256375687046368-0.062055755375431024j),0.0011142604840147154,(-0.001518437097704775-0.018655144009290595j)
4.9275,(0.0017361772368996876-0.0806700088445262j),(0.0025352846906888196-0.06502286792836355j),0.0011682008200114115,(-0.000799107453789132-0.01564714091616265j)
4.93,(0.0017344185603116-0.0806291596968871j),(0.004168526521729947-0.0646443594854257j),0.001234612206809305,(-0.0024341079614183473-0.015984800211461397j)
4.9325,(0.0017326625541606447-0.08058835187901417j),(-0.0016138137782355036-0.06469623628867475j),0.001021632835776947,(0.003346476332396148-0.015892115590339415j)
4.9350000000000005,(0.001730909213043871-0.08054758532824419j),(0.0032933979915914595-0.06302366316955726j),0.0011766861405261334,(-0.0015624887785475885-0.017523922158686922j)
4.9375,(0.0017291585315720357-0.08050685998204024j),(0.00019367798995034274-0.06349971851853684j),0.0010987483809235983,(0.001535480541621693-0.017007141463503406j)
4.94,(0.0017274105043694052-0.080466175777992j),(-0.0004062412568272097-0.062301498955517606j),0.0013761370075672848,(0.0021336517611966147-0.0181646768224744j)
4.9425,(0.0017256651260739385-0.08042553265381482j),(0.005046757610440217-0.06422860669976818j),0.0011822235975112562,(-0.0033210924843662787-0.016196925954046634j)
4.945,(0.0017239223913369608-0.08038493054734978j),(0.000902802616565681-0.061041062772385024j),0.001100620181713611,(0.0008211197747712798-0.01934386777496476j)
4.9475,(0.0017221822948234598-0.08034436939656311j),(0.003276623346514176-0.06467046422293528j),0.0012467436499379782,(-0.0015544410516907163-0.015673905173627836j)
4.95,(0.0017204448312117893-0.08030384913954614j),(0.0037866377936899985-0.0634012992389298j),0.0011230877456643062,(-0.0020661929624782092-0.016902549900616334j)
4.9525,(0.0017187099951937411-0.08026336971451475j),(0.005918749098600952-0.06233104577939159j),0.0010648330126094788,(-0.004200039103407211-0.017932323935123166j)
4.955,(0.0017169777814743873-0.08022293105980931j),(-0.0004349893842987007-0.061293647318391056j),0.0012513968873558703,(0.0021519671657730883-0.01892928374141825j)
4.9575000000000005,(0.0017152481847722931-0.08018253311389406j),(0.006385399556260908-0.06261488070514366j),0.0013039333319316221,(-0.004670151371488615-0.017567652408750398j)
4.96,(0.0017135211998191649-0.08014217581535696j),(0.0014047794106090247-0.06219876411856743j),0.0012938876620577284,(0.00030874178921014013-0.017943411696789528j)
4.9625,(0.0017117968213599967-0.08010185910290958j),(0.0004919725333191416-0.06376749147073153j),0.0011022794289335038,(0.001219824288040855-0.01633436763217805j)
4.965,(0.0017100750441530503-0.08006158291538634j),(-0.0026793736736831853-0.06652222008947753j),0.0011267027446063742,(0.0043894487178362356-0.013539362825908813j)
4.9675,(0.0017083558629696644-0.08002134719174456j),(0.0033981321624132043-0.06462218072570405j),0.0009436197360788566,(-0.0016897762994435399-0.015399166466040504j)
4.97,(0.0017066392725944024-0.07998115187106411j),(0.004445688721941758-0.06456633430550238j),0.0010855989775400668,(-0.0027390494493473557-0.015414817565561734j)
4.9725,(0.0017049252678248154-0.07994099689254684j),(-0.0018331252284023041-0.06387060316575152j),0.0012614619929335446,(0.0035380504962271193-0.01607039372679532j)
4.9750000000000005,(0.0017032138434715804-0.07990088219551668j),(0.002221054241142747-0.05996898822038672j),0.0011843099256958485,(-0.0005178403976711665-0.019931893975129962j)
4.9775,(0.0017015049943583686-0.07986080771941897j),(0.0020197502199585994-0.06169905116390296j),0.0010678188650108493,(-0.00031824522560023076-0.018161756555516016j)
4.98,(0.0016997987153217675-0.07982077340382045j),(0.0024286133890068264-0.06554710677261427j),0.0012166467501602907,(-0.0007288146736850588-0.014273666631206175j)
4.9825,(0.0016980950012114183-0.07978077918840858j),(0.0021938450424828265-0.06298265502588582j),0.0010729691979101444,(-0.0004957500412714083-0.016798124162522757j)
4.985,(0.0016963938468896906-0.07974082501299173j),(-0.0007301641114250004-0.0621452600218118j),0.0010657795292419712,(0.002426557958314691-0.01759556499117993j)
4.9875,(0.001694695247231962-0.07970091081749849j),(-0.0004938653031025348-0.062424397162345296j),0.0012551122210986362,(0.0021885605503344967-0.01727651365515319j)
4.99,(0.0016929991971263245-0.07966103654197754j),(0.0033168426327967637-0.062087997763997135j),0.0011505472490286773,(-0.0016238434356704392-0.0175730387779804j)
4.9925,(0.001691305691473726-0.07962120212659725j),(0.0032580637627546627-0.06442678213490338j),0.0010653104317053163,(-0.0015667580712809366-0.015194419991693867j)
4.995,(0.001689614725187802-0.07958140751164555j),(-0.002426188534739807-0.06204888389302028j),0.00128608693380718,(0.004115803259927608-0.01753252361862527j)
4.9975000000000005,(0.0016879262931948193-0.07954165263752942j),(-0.001214769419648669-0.05917387277620547j),0.0012299738793494052,(0.0029026957128434885-0.020367779861323952j)
5.0,(0.001686240390433915-0.07950193744477475j),(0.0026579148608300057-0.06132924162013789j),0.001154299995511886,(-0.0009716744703960906-0.01817269582463686j)
5.0025,(0.0016845570118566406-0.07946226187402602j),(0.001120034921188613-0.0625343897139135j),0.0009933886766934452,(0.0005645220906680276-0.01692787216011253j)
5.005,(0.0016828761524272785-0.07942262586604593j),(0.006307397115440958-0.06301381668394765j),0.0011307803348711818,(-0.004624520963013679-0.016408809182098277j)
5.0075,(0.0016811978071225515-0.07938302936171508j),(-0.0030979611991831754-0.0633281995903337j),0.0012026519740858386,(0.004779159006305727-0.016054829771381382j)
5.01,(0.0016795219709317658-0.07934347230203188j),(0.005536417242650497-0.0647888345813136j),0.000997402076570456,(-0.0038568952717187312-0.014554637720718286j)
5.0125,(0.001677848638856693-0.07930395462811213j),(-0.0022085478989363624-0.06724509356917252j),0.0011495561508207649,(0.003886396537793055-0.012058861058939607j)
5.015,(0.0016761778059114823-0.0792644762811886j),(0.00237547186353836-0.06517916743883842j),0.001088015295225772,(-0.0006992940576268775-0.01408530884235018j)
5.0175,(0.0016745094671228292-0.07922503720261097j),(0.0013827590131395501-0.06613138081322158j),0.0010283459738076736,(0.00029175045398327905-0.013093656389389391j)
5.0200000000000005,(0.0016728436175295878-0.07918563733384544j),(0.004628872679250605-0.06424076778958696j),0.0011283974911346305,(-0.002956029061721017-0.014944869544258485j)
5.0225,(0.0016711802521831274-0.0791462766164743j),(0.001128035299068558-0.060526633758882266j),0.0012489484353635717,(0.0005431449531145694-0.018619642857592038j)
5.025,(0.0016695193661469896-0.07910695499219593j),(-0.0015071434135011644-0.06254264482100487j),0.001016847810178657,(0.003176662779648154-0.01656431017119106j)
5.0275,(0.0016678609544970471-0.07906767240282428j),(0.0032786090497340064-0.06015760325913465j),0.0010590785537540857,(-0.0016107480952369593-0.01891006914368963j)
5.03,(0.001666205012321281-0.07902842879028872j),(0.0005732264999685634-0.05993381288388076j),0.0009382159531455933,(0.0010929785123527176-0.019094615906407958j)
5.0325,(0.0016645515347199799-0.07898922409663366j),(0.0033050151170584624-0.055615804256972164j),0.0011339524590059757,(-0.0016404635823384825-0.023373419839661493j)
5.035,(0.0016629005168055143-0.07895005826401824j),(0.005290581827036315-0.060547197636722325j),0.0013026498579427309,(-0.003627681310230801-0.018402860627295917j)
5.0375000000000005,(0.0016612519537023448-0.07891093123471622j),(0.0026568369890186596-0.06474807911580961j),0.0011657701291739081,(-0.0009955850353163148-0.01416285211890661j)
5.04,(0.0016596058405470608-0.07887184295111556j),(0.0002976108727856465-0.06110467206391119j),0.0013080450500131812,(0.0013619949677614142-0.01776717088720437j)
5.0425,(0.0016579621724882253-0.07883279335571809j),(0.0044838800892943-0.0629252867559766j),0.0013084903978437794,(-0.002825917916806075-0.015907506599741494j)
5.045,(0.0016563209446864024-0.07879378239113938j),(0.0020481242114248465-0.06400862708625096j),0.0007815391519100963,(-0.0003918032667384441-0.014785155304888414j)
5.0475,(0.0016546821523142307-0.07875481000010837j),(-0.002375386125554615-0.059289024515034684j),0.0011779717968901933,(0.0040300682778688455-0.019465785485073682j)
5.05,(0.0016530457905561454-0.078715876125467j),(-0.0012333317823456883-0.06163342061480769j),0.0010680868624666374,(0.0028863775729018335-0.01708245551065931j)
5.0525,(0.0016514118546085497-0.07867698071017026j),(0.0051044079122913545-0.06090362606886668j),0.0009937000281026863,(-0.0034529960576828046-0.017773354641303585j)
5.055,(0.0016497803396796518-0.07863812369728546j),(0.004987967757903177-0.06119060146429325j),0.0012876809594614162,(-0.0033381874182235255-0.01744752223299221j)
5.0575,(0.0016481512409895845-0.07859930502999221j),(-0.002262061866957806-0.06326358665205156j),0.0011161820016031732,(0.003910213107947391-0.01533571837794065j)
5.0600000000000005,(0.001646524553770146-0.07856052465158225j),(0.0028704960621268546-0.05745291816188743j),0.0012090754202501268,(-0.0012239715083567086-0.02110760648969482j)
5.0625,(0.0016449002732649442-0.07852178250545892j),(-0.00037078249609553515-0.06153323070947441j),0.001302018969693315,(0.0020156827693604794-0.016988551795984512j)
5.065,(0.0016432783947293514-0.078483078535137j),(0.0013521156525959422-0.062221039195492746j),0.001127548644503467,(0.00029116274213340917-0.016262039339644256j)
5.0675,(0.0016416589134303362-0.07844441268424249j),(-0.004413654654126324-0.058359937461196394j),0.0010245893631295952,(0.00605531356755666-0.020084475223046093j)
5.07,(0.0016400418246465735-0.07840578489651222j),(0.001512389285159302-0.06356959898516559j),0.0011803116404519598,(0.0001276525394872715-0.014836185911346625j)
5.0725,(0.001638427123668383-0.07836719511579374j),(0.0017575976960864886-0.05940642649195138j),0.001087447781533642,(-0.00011917057241810558-0.018960768623842356j)
5.075,(0.0016368148057975737-0.07832864328604482j),(0.004905688840258471-0.06172995310117419j),0.0012921785374850126,(-0.0032688740344608974-0.016598690184870625j)
5.0775,(0.0016352048663475615-0.07829012935133342j),(0.002195871793190528-0.06076300648628461j),0.0011052978354693618,(-0.0005606669268429663-0.01752712286504881j)
5.08,(0.0016335973006433174-0.07825165325583718j),(0.0020357004283833267-0.059434798603151935j),0.0009588907830789385,(-0.00040210312774000933-0.01881685465268524j)
5.0825000000000005,(0.0016319921040212038-0.0782132149438434j),(0.0012034618543226125-0.06614436439416325j),0.0009087419454478268,(0.00042853024969859133-0.01206885054968014j)
5.085,(0.0016303892718290169-0.07817481435974866j),(0.003186842291808929-0.05976882963148777j),0.0011445784618629707,(-0.0015564530199799122-0.01840598472826089j)
5.0875,(0.0016287887994261084-0.07813645144805842j),(-0.00035267309840936374-0.058075966115508415j),0.0011576287420005647,(0.001981461897835472-0.020060485332550004j)
5.09,(0.0016271906821830708-0.07809812615338699j),(0.005384734047838519-0.057513914721839365j),0.0011272805855633598,(-0.003757543365655448-0.020584211431547622j)
5.0925,(0.0016255949154818955-0.07805983842045712j),(-2.282123771542834e-05-0.0605821899323856j),0.0010391310517448983,(0.001648416153197324-0.01747764848807152j)
5.095,(0.0016240014947158752-0.07802158819409973j),(0.0016542611199142868-0.05978946800628627j),0.0009327072716278827,(-3.0259625198411633e-05-0.018232120187813457j)
5.0975,(0.0016224104152895776-0.07798337541925365j),(0.005345543354317293-0.062259719304207366j),0.001250940621055731,(-0.0037231329390277155-0.015723656115046288j)
5.1000000000000005,(0.0016208216726188026-0.07794520004096553j),(-0.0016493293218871822-0.0577709366190019j),0.0011317947007850352,(0.003270150994505985-0.02017426342196363j)
5.1025,(0.0016192352621306205-0.07790706200438927j),(0.0002600444939260516-0.06103268495664286j),0.0011054599756212598,(0.0013591907682045689-0.016874377047746407j)
5.105,(0.0016176511792632248-0.07786896125478603j),(-0.0005125746160554788-0.05857341919627887j),0.0012893465631287643,(0.0021302257953187036-0.019295542058507156j)
5.1075,(0.0016160694194659745-0.0778308977375238j),(-0.002359694507750929-0.0575081368810603j),0.000910037193126339,(0.003975763927216903-0.0203227608564635j)
5.11,(0.0016144899781993494-0.07779287139807724j),(0.002208236476272303-0.06155605918705719j),0.0012128480054787935,(-0.0005937464980729536-0.016236812211020045j)
5.1125,(0.001612912850934836-0.07775488218202734j),(0.0036324999516739683-0.06262586948287498j),0.0010735237321322336,(-0.002019587100739132-0.015129012699152358j)
5.115,(0.0016113380331551272-0.07771693003506129j),(-0.0005214351655658338-0.0616175093580411j),0.0011273824810562971,(0.002132773198720961-0.016099420677020193j)
5.1175,(0.0016097655203537956-0.07767901490297192j),(0.0008766929572582448-0.058510661043633075j),0.0009423614010385787,(0.0007330725630955509-0.01916835385933885j)
5.12,(0.0016081953080354146-0.07764113673165789j),(-0.0002835001362736551-0.06168237084943644j),0.0011343455056739083,(0.0018916954443090697-0.01595876588222145j)
5.1225000000000005,(0.0016066273917155934-0.07760329546712315j),(0.0006738943893807453-0.06034208497525711j),0.0011393350803732545,(0.0009327330023348481-0.01726121049186604j)
5.125,(0.0016050617669207594-0.07756549105547655j),(-0.005062615453131446-0.061710464964867213j),0.0012791837323710084,(0.006667677220052205-0.01585502609060934j)
5.1275,(0.0016034984291882959-0.07752772344293204j),(0.006087898307870107-0.05997618961712814j),0.0010881041161922048,(-0.0044843998786818105-0.017551533825803906j)
5.13,(0.0016019373740664348-0.07748999257580792j),(0.0020127269398265315-0.058840886677499j),0.0010940143893083442,(-0.0004107895657600967-0.01864910589830892j)
5.1325,(0.0016003785971142228-0.07745229840052689j),(0.005075113280707466-0.06098670527753833j),0.0011931551217326452,(-0.003474734683593243-0.016465593122988564j)
5.135,(0.0015988220939014714-0.0774146408636157j),(0.003738928383268603-0.05708056457655456j),0.0012288903284756977,(-0.0021401062893671315-0.02033407628706114j)
5.1375,(0.001597267860008805-0.077377019911705j),(0.0001390855562829832-0.056307523079211136j),0.0009701541912597247,(0.0014581823037258218-0.02106949683249386j)
5.14,(0.0015957158910275071-0.07733943549152879j),(-0.00040575766085111393-0.06094468901986092j),0.0012037174795828545,(0.002001473551878621-0.016394746471667866j)
5.1425,(0.0015941661825596748-0.0773018875499246j),(0.0003254651634568942-0.062363391885625855j),0.0011542590085359536,(0.0012687010191027807-0.014938495664298751j)
5.1450000000000005,(0.0015926187302179474-0.07726437603383296j),(0.0009104387426557747-0.05954446475740672j),0.0009826691627254722,(0.0006821799875621727-0.01771991127642624j)
5.1475,(0.001591073529625735-0.07722690089029707j),(-0.0004787864981009943-0.06231751141762505j),0.0008330442877350019,(0.002069860027726729-0.014909389472672022j)
5.15,(0.001589530576416858-0.07718946206646289j),(0.0028456452304866805-0.05633107313411245j),0.0010008415313440754,(-0.0012561146540698224-0.02085838893235044j)
5.1525,(0.0015879898662359599-0.07715205950957857j),(0.003892694319284134-0.05854234134661107j),0.0010439803377286234,(-0.0023047044530481744-0.018609718162967498j)
5.155,(0.0015864513947380057-0.07711469316699435j),(-0.0003287471352626724-0.06444357583931028j),0.0012244276542768895,(0.0019151985300006782-0.01267111732768407j)
5.1575,(0.0015849151575886304-0.07707736298616229j),(0.0009027325145798389-0.060732757426814374j),0.0013173787271051282,(0.0006821826430087915-0.016344605559347913j)
5.16,(0.001583381150463877-0.07704006891463601j),(-0.0002044718124734066-0.05986208756990922j),0.00123542604233806,(0.0017878529629372837-0.01717798134472679j)
5.1625000000000005,(0.0015818493690502383-0.07700281090007051j),(-0.0023087197251798154-0.05880852786163523j),0.000912978083689047,(0.0038905690942300534-0.01819428303843528j)
5.165,(0.0015803198090446648-0.07696558889022183j),(-0.001050785175699881-0.06104173686212112j),0.0010316711064417335,(0.002631104984744546-0.01592385202810071j)
5.1675,(0.0015787924661544892-0.07692840283294684j),(-0.00022249210157948416-0.057520259284325866j),0.0009482444926551036,(0.0018012845677339733-0.019408143548620978j)
5.17,(0.0015772673360973666-0.07689125267620299j),(0.000998887354508148-0.055261703350794424j),0.0011660771927229743,(0.0005783799815892185-0.021629549325408566j)
5.1725,(0.0015757444146013893-0.0768541383680482j),(-0.004206666274933136-0.059367722657497464j),0.0011837036787692022,(0.005782410689534525-0.01748641571055074j)
5.175,(0.0015742236974048338-0.07681705985664038j),(0.0010569638739597895-0.06305054690840732j),0.0011388534204550393,(0.0005172598234450443-0.013766512948233056j)
5.1775,(0.001572705180256276-0.07678001709023725j),(0.0026440319582714767-0.06007436548350596j),0.0010090592767405236,(-0.0010713267780152007-0.016705651606731292j)
5.18,(0.0015711888589146376-0.07674301001719636j),(0.004200938000673322-0.062268390765707525j),0.0011557092262687255,(-0.0026297491417586845-0.01447461925148883j)
5.1825,(0.001569674729148884-0.07670603858597452j),(0.0005488430399916799-0.058507763729413124j),0.0010430646720994096,(0.001020831689157204-0.0181982748565614j)
5.1850000000000005,(0.0015681627867383076-0.07666910274512774j),(0.0007593805362972849-0.06105818957123285j),0.001077085465148953,(0.0008087822504410227-0.015610913173894889j)
5.1875,(0.0015666530274722832-0.0766322024433109j),(0.002523751683543984-0.06022995477020461j),0.0010349244225644105,(-0.0009570986560717006-0.016402247673106288j)
5.19,(0.001565145447150328-0.07659533762927759j),(-0.0020250318044077727-0.05307914273319922j),0.0010676826814909428,(0.0035901772515581007-0.02351619489607837j)
5.1925,(0.0015636400415820584-0.07655850825187979j),(0.002323493126864853-0.060275121135091085j),0.0012319432542296695,(-0.0007598530852827947-0.016283387116788707j)
5.195,(0.0015621368065871874-0.07652171426006779j),(-0.00419726332783158-0.05786689315936126j),0.0011067732971167402,(0.005759400134418767-0.01865482110070653j)
5.1975,(0.001560635737995393-0.0764849556028897j),(0.002093132910699107-0.0609897334500472j),0.0012876103214036847,(-0.000532497172703714-0.015495222152842505j)
5.2,(0.001559136831646417-0.0764482322294915j),(-0.0011318359810954801-0.05865126282740848j),0.0011698053891072138,(0.002690972812741897-0.017796969402083022j)
5.2025,(0.0015576400833899546-0.0764115440891166j),(0.0017183329916185968-0.05534067044837085j),0.0010240721071339634,(-0.0001606929082286423-0.021070873640745752j)
5.205,(0.0015561454890856985-0.07637489113110571j),(-0.00025017951827379563-0.06102386133956775j),0.0008683498456069342,(0.0018063250073594942-0.015351029791537962j)
5.2075000000000005,(0.0015546530446032463-0.07633827330489651j),(0.0016839295371215246-0.05727531504340255j),0.0011767069403189,(-0.00012927649251827833-0.019062958261493956j)
5.21,(0.0015531627458220266-0.0763016905600235j),(0.0024086151368757423-0.05803479496016524j),0.0009001649615789764,(-0.0008554523910537157-0.018266895599858265j)
5.2125,(0.0015516745886313965-0.07626514284611788j),(-0.0001004299840709648-0.060594772120894216j),0.0011017815381156476,(0.0016521045727023614-0.015670370725223662j)
5.215,(0.0015501885689305605-0.0762286301129069j),(0.000698631746274346-0.05622281348331562j),0.0011752814136531122,(0.0008515568226562145-0.020005816629591278j)
5.2175,(0.0015487046826285053-0.07619215231021426j),(-0.0033360508259696483-0.06253688432935689j),0.0013241786381262013,(0.004884755508598153-0.013655267980857366j)
5.22,(0.0015472229256439846-0.0761557093879593j),(0.00023937276139157152-0.05637595183684619j),0.0010469587490960744,(0.001307850164252413-0.019779757551113115j)
5.2225,(0.0015457432939055518-0.0761193012961571j),(0.005038661642496199-0.05582278892708632j),0.0012684730214996833,(-0.0034929183485906475-0.020296512369070777j)
5.2250000000000005,(0.001544265783351434-0.07608292798491817j),(-0.0005101986478644762-0.05981408205592532j),0.0008741256098756814,(0.00205446443121591-0.016268845928992852j)
5.2275,(0.001542790389929591-0.07604658940444811j),(-0.0020112395580365963-0.057393500069558734j),0.0012160870131008971,(0.0035540299479661875-0.018653089334889378j)
5.23,(0.001541317109597631-0.07601028550504771j),(-0.0004607870403992627-0.058250319114297455j),0.0011834405345746261,(0.0020021041499968936-0.017759966390750254j)
5.2325,(0.0015398459383228612-0.07597401623711218j),(0.0008061385102115186-0.05464425391297905j),0.001030866444677019,(0.0007337074281113426-0.021329762324133132j)
5.235,(0.0015383768720820916-0.07593778155113158j),(-0.0011345421489755477-0.054599927993910134j),0.0010945112469007102,(0.0026729190210576393-0.021337853557221446j)
5.2375,(0.0015369099068618375-0.07590158139769j),(-0.0006154633774727241-0.05609355444279672j),0.0009912609733295876,(0.0021523732843345615-0.019808026954893282j)
5.24,(0.001535445038658104-0.0758654157274658j),(0.0034451393250729363-0.05504625654439349j),0.0011852833706119058,(-0.0019096942864148324-0.02081915918307231j)
5.2425,(0.00153398226347647-0.075829284491231j),(0.003151797346317631-0.05989238268884567j),0.0012652297078407284,(-0.001617815082841161-0.015936901802385328j)
5.245,(0.0015325215773319262-0.07579318763985139j),(0.0018725892114698573-0.056501366076912224j),0.0009259522605963237,(-0.00034006763413793107-0.019291821562939168j)
5.2475000000000005,(0.0015310629762490611-0.07575712512428605j),(-0.0012719772712177799-0.057349402330783804j),0.001162734196085919,(0.002803040247466841-0.018407722793502244j)
5.25,(0.0015296064562618419-0.07572109689558724j),(-0.0009086021079144624-0.05670004671994389j),0.0012555654278603395,(0.0024382085641763045-0.01902105017564335j)
5.2525,(0.0015281520134137112-0.07568510290490033j),(0.0024205345871680835-0.060535822922282774j),0.001204849841118593,(-0.0008923825737543723-0.015149279982617551j)
5.255,(0.0015266996437574573-0.07564914310346323j),(0.003039945496435088-0.057447159212461026j),0.0011129453455919899,(-0.0015132458526776306-0.0182019838910022j)
5.2575,(0.0015252493433552657-0.07561321744260645j),(-0.0022460805111557164-0.05983509746622736j),0.0009522441601928955,(0.0037713298545109823-0.01577811997637909j)
5.26,(0.0015238011082786757-0.0755773258737528j),(0.004447855466397977-0.055052100234962736j),0.001175213298452799,(-0.0029240543581193013-0.020525225638790057j)
5.2625,(0.001522354934608493-0.0755414683484171j),(0.00706281395827233-0.05770483187700912j),0.0012484589857749114,(-0.005540459023663837-0.017836636471407978j)
5.265,(0.0015209108184348712-0.07550564481820621j),(-0.0014405413722637117-0.05949256135493145j),0.0010461526077102878,(0.0029614521906985826-0.016013083463274756j)
5.2675,(0.00151946875585718-0.07546985523481833j),(0.0004081832728620241-0.05822853019708863j),0.0011484173903493974,(0.0011112854829951559-0.017241325037729703j)
5.2700000000000005,(0.0015180287429840968-0.07543409955004343j),(0.0010487963937794757-0.05870038162261493j),0.0010877606718887448,(0.00046923234920462115-0.016733717927428504j)
5.2725,(0.0015165907759334381-0.07539837771576242j),(0.0008144855550467117-0.06146331405551684j),0.0011048880943289139,(0.0007021052208867264-0.013935063660245585j)
5.275,(0.0015151548508322472-0.07536268968394733j),(0.0028919384309620344-0.05761997467096636j),0.0011486812562277978,(-0.0013767835801297872-0.017742715012980963j)
5.2775,(0.0015137209638167-0.07532703540666087j),(0.004612154432455806-0.057824751655292536j),0.0009767679201216715,(-0.003098433468639106-0.017502283751368336j)
5.28,(0.0015122891110321396-0.0752914148360565j),(0.0011332965935344824-0.054811523320443166j),0.0010672593225720015,(0.00037899251749765723-0.020479891515613337j)
5.2825,(0.0015108592886329635-0.07525582792437785j),(0.001845081901737295-0.05889961915827924j),0.0011430684832149675,(-0.00033422261310433153-0.016356208766098612j)
5.285,(0.0015094314927827075-0.07522027462395872j),(-0.0011975348739201295-0.056361904800242335j),0.0009301193798214072,(0.0027069663667028373-0.018858369823716387j)
5.2875000000000005,(0.0015080057196539237-0.07518475488722293j),(0.0035502855790868286-0.05758697251791722j),0.0013465437171766648,(-0.002042279859432905-0.017597782369305703j)
5.29,(0.0015065819654282741-0.07514926866668388j),(0.0006948003473598936-0.058603360281016946j),0.0008740429902085545,(0.0008117816180683805-0.016545908385666934j)
5.2925,(0.0015051602262962593-0.07511381591494456j),(0.003432250162627053-0.05563021865304906j),0.001007173282048846,(-0.0019270899363307936-0.019483597261895504j)
5.295,(0.001503740498457517-0.07507839658469725j),(-0.0003439819211825602-0.05992248622342137j),0.0010142252398099643,(0.001847722419640077-0.015155910361275886j)
5.2975,(0.0015023227781206306-0.0750430106287233j),(0.0009747270151484544-0.058372081840568184j),0.0009295136539194649,(0.0005275957629721762-0.01667092878815512j)
5.3,(0.0015009070615029587-0.07500765799989287j),(0.0010058250650035248-0.05741837581613484j),0.0010763455355002447,(0.0004950819964994338-0.017589282183758027j)
5.3025,(0.0014994933448309656-0.07497233865116484j),(-0.00016731696383653915-0.05799061722067042j),0.001174640133791323,(0.0016668103086675047-0.016981721430494423j)
5.305,(0.0014980816243398518-0.0749370525355866j),(0.0009499072341300826-0.06194813706480722j),0.0010174058375612863,(0.0005481743902097692-0.012988915470779384j)
5.3075,(0.001496671896273709-0.07490179960629363j),(0.003920600603127139-0.05569587154134197j),0.0010661791708320649,(-0.00242392870685343-0.01920592806495166j)
5.3100000000000005,(0.0014952641568854945-0.07486657981650964j),(0.0008346417925491944-0.05763364921508582j),0.0012010656167970386,(0.0006606223643363001-0.01723293060142382j)
5.3125,(0.0014938584024369315-0.07483139311954598j),(0.004515505339718122-0.05201438513698484j),0.001223121768810828,(-0.0030216469372811904-0.022817007982561137j)
5.315,(0.001492454629198547-0.07479623946880176j),(-0.0003300783801756972-0.05514811287010651j),0.0011242947015193431,(0.0018225330093742443-0.019648126598695255j)
5.3175,(0.0014910528334495655-0.0747611188177635j),(0.005506480472646672-0.06177661043383607j),0.0010878386363788702,(-0.004015427639197107-0.01298450838392743j)
5.32,(0.0014896530114780037-0.07472603112000491j),(-0.0004945163916064104-0.059658955752750265j),0.0012290075375942019,(0.001984169403084414-0.015067075367254643j)
5.3225,(0.0014882551595805495-0.07469097632918661j),(-0.00043512141589015615-0.05481280239992933j),0.0011233367166885828,(0.0019233765754707057-0.01987817392925728j)
5.325,(0.0014868592740626305-0.07465595439905628j),(0.0031523256485439257-0.05380824058815313j),0.001017834362725261,(-0.0016654663744812951-0.020847713810903154j)
5.3275,(0.001485465351238202-0.07462096528344796j),(0.002371232427224248-0.05421899618128583j),0.001194869589992,(-0.0008857670759860462-0.020401969102162125j)
5.33,(0.0014840733874299835-0.07458600893628216j),(-0.0014676766811181827-0.056283985514921565j),0.0012153317529443887,(0.0029517500685481662-0.018302023421360593j)
5.3325000000000005,(0.0014826833789692362-0.07455108531156568j),(0.0005290486679645957-0.06022277224467775j),0.001095377877488321,(0.0009536347110046406-0.014328313066887928j)
5.335,(0.0014812953221958085-0.07451619436339121j),(0.0010774291338302817-0.05674449481665828j),0.000982076152031787,(0.00040386618836552686-0.01777169954673293j)
5.3375,(0.0014799092134581188-0.07448133604593739j),(0.004409997669322648-0.05635129380489165j),0.0011638495376419368,(-0.0029300884558645292-0.018130042241045738j)
5.34,(0.0014785250491131136-0.07444651031346822j),(0.0013676822904250486-0.05765180545677096j),0.0012805857826117598,(0.00011084275868806495-0.016794704856697255j)
5.3425,(0.0014771428255262711-0.07441171712033331j),(0.0010827983087520372-0.05456256483843375j),0.0010578659442268493,(0.0003943445167742339-0.019849152281899568j)
5.345,(0.0014757625390715264-0.07437695642096737j),(0.0008034335671102852-0.05511356392327221j),0.0009987562266902403,(0.0006723289719612412-0.019263392497695153j)
5.3475,(0.0014743841861312862-0.07434222816989011j),(0.0019081259723804376-0.0538026056237469j),0.0010683832989240591,(-0.00043374178624915136-0.020539622546143214j)
5.3500000000000005,(0.0014730077630964275-0.07430753232170613j),(0.0019474930348309884-0.05346563056925164j),0.0011508181447060885,(-0.0004744852717345608-0.02084190175245449j)
5.3525,(0.0014716332663661583-0.0742728688311045j),(-0.004776452446653476-0.061328921131316855j),0.0011713651829090795,(0.006248085713019634-0.012943947699787642j)
5.355,(0.001470260692348218-0.07423823765285882j),(0.0032863588777154984-0.0573333907230509j),0.0010411621411718624,(-0.0018160981853672805-0.01690484692980792j)
5.3575,(0.0014688900374585719-0.07420363874182682j),(0.0005692743273559198-0.054632608650260844j),0.001105102663055777,(0.0008996157101026521-0.01957103009156598j)
5.36,(0.0014675212981216424-0.0741690720529503j),(-0.0015561718071649192-0.056277878929556026j),0.0010382502820008538,(0.0030236931052865616-0.017891193123394274j)
5.3625,(0.0014661544707701242-0.07413453754125482j),(-0.002455741785365782-0.059275219702278586j),0.0010645020186903038,(0.003921896256135906-0.014859317838976233j)
5.365,(0.001464789551844965-0.07410003516184968j),(0.000710751157122858-0.05633447520718151j),0.0011507229479496975,(0.0007540383947221071-0.01776555995466817j)
5.3675,(0.001463426537795459-0.07406556486992745j),(0.0005856472248491515-0.05326310730251883j),0.0009690910343343223,(0.0008777793129463076-0.020802457567408617j)
5.37,(0.001462065425079151-0.07403112662076408j),(0.0020937006133225494-0.05779428369968817j),0.0012532626377049069,(-0.0006316351882433985-0.01623684292107591j)
5.3725000000000005,(0.0014607062101617936-0.07399672036971848j),(0.0018708937580495747-0.0500517385097669j),0.0011232935161339661,(-0.00041018754788778116-0.02394498185995158j)
5.375,(0.001459348889517318-0.07396234607223247j),(-0.003384224441462973-0.05590786283201602j),0.0012106305248051673,(0.00484357333098029-0.018054483240216447j)
5.3775,(0.0014579934596279263-0.0739280036838305j),(0.0013925541004006592-0.05596381184965485j),0.0010147366630082648,(6.543935922726711e-05-0.01796419183417565j)
5.38,(0.0014566399169839098-0.07389369316011948j),(-0.0007044399107036506-0.05617921839735211j),0.0010377413063400551,(0.0021610798276875606-0.01771447476276737j)
5.3825,(0.0014552882580836609-0.07385941445678862j),(0.0002552478360957704-0.05223011388368146j),0.001182002119390786,(0.0012000404219878905-0.021629300573107156j)
5.385,(0.0014539384794338204-0.07382516752960916j),(-0.0005944688919165861-0.0541902192823631j),0.001124905706648311,(0.0020484073713504065-0.019634948247246056j)
5.3875,(0.001452590577549015-0.07379095233443438j),(0.0020452125261744038-0.052543100293711675j),0.0012185703033709445,(-0.0005926219486253887-0.0212478520407227j)
5.39,(0.0014512445489519466-0.07375676882719912j),(-0.0013496771193215028-0.05414370791063637j),0.000999432704315205,(0.0028009216682734492-0.019613060916562744j)
5.3925,(0.0014499003901733943-0.07372261696391974j),(0.004913148741292372-0.05269000172537053j),0.0011316010740699547,(-0.003463248351118978-0.021032615238549213j)
5.3950000000000005,(0.0014485580977521813-0.07368849670069406j),(0.00041914287510277524-0.05712365261139629j),0.0011761757548061763,(0.001029415222649406-0.016564844089297773j)
5.3975,(0.0014472176682351525-0.07365440799370097j),(0.0024488948432938844-0.05202172092066167j),0.0011968818736909717,(-0.001001677175058732-0.0216326870730393j)
5.4,(0.001445879098177026-0.07362035079920028j),(0.0025191887978428798-0.05196379371004986j),0.0012568781243835867,(-0.0010733096996658538-0.021656557089150416j)
5.4025,(0.0014445423841405896-0.07358632507353263j),(0.0026857170188171794-0.052759685812273284j),0.001061412374662511,(-0.0012411746346765898-0.02082663926125935j)
5.405,(0.001443207522696515-0.07355233077311919j),(0.0028848931348677298-0.05678948287926767j),0.0011096400609080389,(-0.0014416856121712148-0.016762847893851525j)
5.4075,(0.0014418745104233751-0.07351836785446153j),(-0.004002191297214315-0.05566766345759749j),0.001257932708507053,(0.005444065807637691-0.017850704396864044j)
5.41,(0.001440543343907742-0.07348443627414153j),(0.0031605567990903795-0.05803761524546462j),0.0009513064346763689,(-0.0017200134551826375-0.015446821028676908j)
5.4125000000000005,(0.0014392140197439006-0.07345053598882097j),(0.007872000163213018-0.056628141605642605j),0.000913756190223942,(-0.006432786143469118-0.01682239438317836j)
5.415,(0.0014378865345341637-0.0734166669552415j),(0.0008492288008671806-0.05551504603844167j),0.0012609454393008549,(0.0005886577336669831-0.01790162091679983j)
5.4175,(0.0014365608848884435-0.0733828291302245j),(0.002158650280961-0.05359150282947769j),0.0012639543327196924,(-0.0007220893960725565-0.019791326300746807j)
5.42,(0.0014352370674246898-0.07334902247067074j),(0.001987513918457665-0.05756311526709565j),0.0011863863619522403,(-0.0005522768510329754-0.01578590720357509j)
5.4225,(0.0014339150787685466-0.07331524693356038j),(0.003708845746747178-0.050656536700145j),0.0009869375987987031,(-0.0022749306679786313-0.022658710233415383j)
5.425,(0.0014325949155533661-0.07328150247595258j),(0.00042276574941245654-0.05069738213384865j),0.0011725709588974941,(0.0010098291661409095-0.022584120342103935j)
5.4275,(0.0014312765744203067-0.07324778905498552j),(0.0021477273681085535-0.05363572094552959j),0.0012105545475242575,(-0.0007164507936882468-0.019612068109455934j)
5.43,(0.00142996005201823-0.07321410662787604j),(0.0021757976417920715-0.05796700588881966j),0.0010704063737429269,(-0.0007458375897738414-0.015247100739056385j)
5.4325,(0.0014286453450036891-0.07318045515191966j),(0.0002472007808565465-0.05590318397323566j),0.0012315071922715545,(0.0011814445641471427-0.017277271178684002j)
5.4350000000000005,(0.0014273324500409857-0.07314683458449019j),(0.0008492890043978323-0.05488063438871037j),0.0010963293515897192,(0.0005780434456431534-0.01826620019577982j)
5.4375,(0.001426021363801962-0.07311324488303968j),(9.660491498511587e-05-0.054214894833621144j),0.0011777735188708797,(0.0013294164488168462-0.018898350049418533j)
5.44,(0.0014247120829661603-0.07307968600509825j),(-0.0007837659663989501-0.055622995310033806j),0.0010412146556354066,(0.0022084780493651104-0.01745669069506444j)
5.4425,(0.0014234046042207382-0.07304615790827375j),(0.002528495466807896-0.05167503276657211j),0.0011529108999495743,(-0.001105090862587158-0.02137112514170164j)
5.445,(0.0014220989242604582-0.0730126605502519j),(0.0046654995876039655-0.05672937523430885j),0.0009149527308739162,(-0.0032434006633435073-0.016283285315943058j)
5.4475,(0.0014207950397876112-0.07297919388879569j),(0.00044659777842350075-0.05543119073329481j),0.001250966775805983,(0.0009741972613641105-0.017548003155500876j)
5.45,(0.0014194929475120587-0.07294575788174562j),(0.002884808498755302-0.05222384799903341j),0.0012773267274183875,(-0.0014653155512432431-0.020721909882712213j)
5.4525,(0.0014181926441512705-0.07291235248701915j),(0.0007699720642219178-0.054962187851256575j),0.0011978581217011175,(0.0006482205799293527-0.017950164635762572j)
5.455,(0.0014168941264300894-0.07287897766261087j),(-0.0009235063665971936-0.054700494127521725j),0.0010644765643452283,(0.002340400493027283-0.018178483535089142j)
5.4575000000000005,(0.0014155973910809341-0.07284563336659206j),(0.0015345903069538195-0.049187249571148124j),0.0011427618118324686,(-0.0001189929158728854-0.02365838379544393j)
5.46,(0.0014143024348437373-0.07281231955711064j),(-0.0010710267062152548-0.053937858712704935j),0.0010787271116650126,(0.0024853291410589923-0.0188744608444057j)
5.4625,(0.0014130092544657638-0.07277903619239094j),(-0.0012646738552789837-0.05296651358037245j),0.0010857179492419703,(0.0026776831097447473-0.01981252261201849j)
5.465,(0.0014117178467017593-0.07274578323073361j),(0.0013188396848864046-0.05460517202347335j),0.0008760557422671988,(9.287816181535475e-05-0.01814061120726026j)
5.4675,(0.0014104282083139304-0.07271256063051533j),(-0.00029430703931609346-0.05522518094368849j),0.0011561784137727562,(0.0017047352476300239-0.017487379686826843j)
5.47,(0.0014091403360717977-0.0726793683501887j),(-0.0005562105272596643-0.047239188037112946j),0.0010622403016499503,(0.001965350863331462-0.02544018031307576j)
5.4725,(0.001407854226752264-0.07264620634828214j),(-0.001170077877632121-0.05719020680697553j),0.0011716817190786032,(0.0025779321043843846-0.015455999541306616j)
5.4750000000000005,(0.0014065698771396407-0.07261307458339956j),(1.1774887739989995e-05-0.05609682717291966j),0.0011174647161817878,(0.0013947949893996507-0.016516247410479905j)
5.4775,(0.0014052872840254727-0.07257997301422027j),(0.003924831376176759-0.053286110280658966j),0.001094911028776823,(-0.0025195440921512865-0.019293862733561304j)
5.48,(0.0014040064442087323-0.07254690159949886j),(0.0031478815365377603-0.0541387777380751j),0.0012760904233523865,(-0.001743875092329028-0.018408123861423764j)
5.4825,(0.0014027273544955574-0.07251386029806495j),(0.00010353312534117716-0.05446001608313294j),0.0011252697970178427,(0.0012991942291543802-0.01805384421493201j)
5.485,(0.0014014500116994145-0.072480849068823j),(-0.0023303045696876244-0.051805339385873304j),0.0012327412028702313,(0.0037317545813870387-0.0206755096829497j)
5.4875,(0.0014001744126410176-0.07244786787075223j),(0.0020303520042079916-0.05204909555462256j),0.0011774038152554175,(-0.000630177591566974-0.020398772316129674j)
5.49,(0.0013989005541482967-0.07241491666290649j),(-0.0009717029924241635-0.0505667237672296j),0.0010051085490165113,(0.0023706035465724602-0.02184819289567689j)
5.4925,(0.0013976284330563763-0.0723819954044138j),(-0.0023194676273253774-0.05735653027104694j),0.0010442613592856326,(0.003717096060381754-0.015025465133366861j)
5.495,(0.0013963580462076626-0.07234910405447656j),(0.0005568632666287743-0.05538598248519091j),0.0010619343299429534,(0.0008394947795788883-0.01696312156928565j)
5.4975000000000005,(0.0013950893904515823-0.07231624257237118j),(0.00023162498704660522-0.05836956081515151j),0.000980494258138762,(0.001163464403404977-0.013946681757219671j)
5.5,(0.001393822462644805-0.07228341091744783j),(0.0032968606962552258-0.05422546688312207j),0.0009880361640647174,(-0.0019030382336104208-0.018057944034325764j)
5.5025,(0.0013925572596511044-0.07225060904913054j),(0.001095062573451409-0.05655812717785695j),0.0010908139293709812,(0.0002974946861996955-0.01569248187127359j)
5.505,(0.0013912937783414343-0.07221783692691683j),(0.0014431796236711175-0.051432797471733044j),0.0009632950382541368,(-5.18858453296832e-05-0.020785039455183785j)
5.5075,(0.0013900320155937197-0.07218509451037748j),(-9.25976842789224e-05-0.05586917475496467j),0.0012762154406378826,(0.0014826296998726421-0.016315919755412814j)
5.51,(0.001388771968293068-0.07215238175915661j),(0.00014063469723007955-0.0526827551066335j),0.00114690899936793,(0.0012481372710629883-0.019469626652523116j)
5.5125,(0.0013875136333315412-0.07211969863297132j),(0.0011687503986841134-0.05436967388186201j),0.0011601085138705578,(0.00021876323464742786-0.017750024751109317j)
5.515,(0.001386257007608306-0.07208704509161167j),(0.0014241142716246802-0.049857546278193596j),0.0013742731050598808,(-3.7857264016374166e-05-0.02222949881341807j)
5.5175,(0.0013850020880295602-0.0720544210949402j),(-0.002816891443182591-0.054735623156303446j),0.001155773518361021,(0.0042018935312121515-0.017318797938636755j)
5.5200000000000005,(0.0013837488715084157-0.0720218266028923j),(0.0022431131262852923-0.0518461913693106j),0.001101631343088504,(-0.0008593642547768765-0.0201756352335817j)
5.5225,(0.0013824973549649857-0.07198926157547551j),(-0.0015504209342544096-0.05252205650307507j),0.001159379364928356,(0.0029329182892193955-0.01946720507240044j)
5.525,(0.001381247535326424-0.07195672597276974j),(0.0042454124985785375-0.04929421075158073j),0.0010519460030118846,(-0.0028641649632521133-0.022662515221189006j)
5.5275,(0.0013799994095267415-0.07192421975492676j),(0.00039079096189182614-0.05635551012440085j),0.0010437082407461296,(0.0009892084476349153-0.01556870963052591j)
5.53,(0.001378752974506864-0.07189174288217043j),(0.0005372206093957058-0.05288402850689757j),0.0010375404661724695,(0.0008415323651111581-0.019007714375272856j)
5.5325,(0.0013775082272147055-0.07185929531479635j),(0.003163811802636093-0.05060246921335417j),0.0011568062991026888,(-0.0017863035754213873-0.021256826101442174j)
5.535,(0.0013762651646049295-0.07182687701317146j),(-0.0020899398803555093-0.05398832025500587j),0.000949287614905322,(0.003466205044960439-0.01783855675816559j)
5.5375000000000005,(0.0013750237836392088-0.07179448793773434j),(0.0014750653521509545-0.05149388779367373j),0.0009691432791108444,(-0.00010004156851174564-0.020300600144060606j)
5.54,(0.0013737840812859355-0.0717621280489947j),(-0.0029216706929198043-0.05605739690851435j),0.0011178583008082251,(0.00429545477420574-0.015704731140480356j)
5.5425,(0.0013725460545204306-0.07172979730753345j),(-0.001487401439715376-0.054750455042160584j),0.0011253743080845739,(0.0028599474942358066-0.01697934226537287j)
5.545,(0.0013713097003247338-0.07169749567400223j),(0.0011456908878225047-0.052478017501462845j),0.0011512197567626018,(0.00022561881250222904-0.019219478172539384j)
5.5475,(0.001370075015687737-0.07166522310912361j),(3.861092290962868e-05-0.05433598763295646j),0.0012356407020494545,(0.0013314640927781084-0.017329235476167153j)
5.55,(0.0013688419976051022-0.07163297957369073j),(0.0026164040989167933-0.04877063007278126j),0.0009641252757106742,(-0.001247562101311691-0.02286234950090947j)
5.5525,(0.001367610643079231-0.0716007650285672j),(-0.0005260017766757131-0.050059780899853676j),0.0012060894944210426,(0.0018936124197549442-0.021540984128713525j)
5.555,(0.001366380949119232-0.0715685794346869j),(0.00272103555870111-0.053764260574075545j),0.0013516134489263423,(-0.0013546546095818779-0.01780431886061136j)
5.5575,(0.001365152912741003-0.07153642275305376j),(-0.0005298559166686781-0.05225493639372586j),0.0009423035634585799,(0.001895008829409681-0.0192814863593279j)
5.5600000000000005,(0.0013639265309670725-0.07150429494474185j),(0.0045013350133671715-0.054124665872823996j),0.0012856692060706659,(-0.003137408482400099-0.017379629071917854j)
5.5625,(0.0013627018008266645-0.07147219597089495j),(-0.00011200038958088579-0.049830273842462997j),0.0013907134871738126,(0.0014747021904075504-0.021641922128431954j)
5.565,(0.0013614787193556833-0.07144012579272659j),(0.0033985843602572334-0.05263952493329236j),0.0009915287204868822,(-0.00203710564090155-0.018800600859434226j)
5.5675,(0.001360257283596709-0.07140808437151959j),(0.0036352023584148426-0.05415690808918229j),0.0011605219436252214,(-0.002274945074818134-0.0172511762823373j)
5.57,(0.0013590374905988528-0.07137607166862646j),(0.0028324733504476196-0.049284934033387254j),0.0012590816615790153,(-0.0014734358598487668-0.022091137635239205j)
5.5725,(0.0013578193374179667-0.07134408764546867j),(0.005100542392004027-0.05105866280949108j),0.0010997213300791896,(-0.0037427230545860604-0.020285424835977582j)
5.575,(0.0013566028211163823-0.07131213226353678j),(0.003817888326049591-0.05151189481262757j),0.001218497198471296,(-0.0024612855049332086-0.019800237450909204j)
5.5775,(0.0013553879387630515-0.07128020548439025j),(0.006355160057337276-0.049937610382799424j),0.001010950280223827,(-0.004999772118574225-0.021342595101590825j)
5.58,(0.0013541746874334863-0.07124830726965728j),(0.002122076032325252-0.054245757460004186j),0.0010826396768844277,(-0.0007679013448917656-0.017002549809653093j)
5.5825000000000005,(0.0013529630642097276-0.07121643758103464j),(-0.0001928720375834723-0.0485217964758572j),0.0011125888063032879,(0.0015458351017932-0.022694641105177445j)
5.585,(0.0013517530661803776-0.07118459638028755j),(0.0044896137278087065-0.05359903584462588j),0.001194598890085551,(-0.0031378606616283286-0.017585560535661675j)
5.5875,(0.001350544690440445-0.07115278362924957j),(-0.00198535458155773-0.04968205745340089j),0.0010205289639946113,(0.0033358992719981747-0.02147072617584868j)
5.59,(0.0013493379340915287-0.07112099928982213j),(0.0067652958925689625-0.048670484410175095j),0.0011410534467034212,(-0.005415957958477434-0.022450514879647034j)
5.5925,(0.001348132794241643-0.07108924332397497j),(0.0009797874564575375-0.04746432099846619j),0.00130782573649461,(0.00036834533778410555-0.02362492232550878j)
5.595,(0.0013469292680053139-0.07105751569374535j),(-0.0014092849136154038-0.053478565817797856j),0.0010824439276961443,(0.0027562141816207175-0.0175789498759475j)
5.5975,(0.0013457273525033717-0.0710258163612384j),(0.0006817607119566529-0.05078480771774643j),0.0012662731034926698,(0.0006639666405467187-0.020241008643491973j)
5.6000000000000005,(0.0013445270448632003-0.07099414528862673j),(0.004785534667497484-0.04845098803096999j),0.0011842566932301448,(-0.0034410076226342834-0.022543157257656737j)
5.6025,(0.0013433283422185306-0.07096250243815024j),(0.004869877365840492-0.04944641506695653j),0.0011806516273018014,(-0.0035265490236219615-0.021516087371193704j)
5.605,(0.0013421312417094483-0.07093088777211608j),(0.004450275336197037-0.050885554143488616j),0.0009768812338869421,(-0.003108144094487589-0.02004533362862746j)
5.6075,(0.0013409357404825008-0.07089930125289852j),(-0.000301796715088413-0.0535231562929591j),0.0012224795028358275,(0.0016427324555709137-0.017376144959939423j)
5.61,(0.001339741835690449-0.07086774284293874j),(-0.0025138395590058823-0.05413364662804308j),0.0012623670917498058,(0.003853581394696331-0.01673409621489566j)
5.6125,(0.0013385495244924727-0.07083621250474459j),(0.0011716191203784184-0.054890939308829774j),0.001218809156097571,(0.00016693040411405432-0.015945273195914815j)
5.615,(0.0013373588040541105-0.07080471020089067j),(0.0012152097965433507-0.05356653108058922j),0.0012223051893208861,(0.0001221490075107598-0.01723817912030145j)
5.6175,(0.0013361696715470709-0.07077323589401797j),(0.0013409078688679226-0.054541705996894126j),0.0011052118833206046,(-4.738197320851723e-06-0.01623152989712385j)
5.62,(0.0013349821241494403-0.07074178954683386j),(0.00043593558790386153-0.05179891964287583j),0.0012879591997113056,(0.0008990465362455787-0.018942869903958028j)
5.6225000000000005,(0.0013337961590454944-0.07071037112211181j),(0.0035202993376776395-0.05067046875761299j),0.0010908595990954777,(-0.002186503178632145-0.020039902364498825j)
5.625,(0.001332611773425892-0.07067898058269145j),(0.00046515251119264673-0.04708392235495456j),0.0010312950479746171,(0.0008674592622332452-0.023595058227736894j)
5.6275,(0.0013314289644874207-0.07064761789147825j),(0.0004090651165680487-0.05420285596509174j),0.001156374703272467,(0.0009223638479193719-0.01644476192638651j)
5.63,(0.0013302477294330475-0.07061628301144329j),(0.004630726371139765-0.048205405923322786j),0.0010153253767401754,(-0.003300478641706717-0.022410877088120507j)
5.6325,(0.0013290680654720023-0.07058497590562342j),(0.010945631175968043-0.056246462134971004j),0.001247089039715658,(-0.009616563110496041-0.014338513770652414j)
5.635,(0.0013278899698197612-0.07055369653712089j),(0.00114708335237452-0.05046283821267559j),0.0011268321967148338,(0.00018080661744524114-0.0200908583244453j)
5.6375,(0.0013267134396978133-0.07052244486910322j),(0.0013631616314077354-0.04985883134907252j),0.0013273091071558198,(-3.644819170992215e-05-0.020663613520030703j)
5.64,(0.001325538472333882-0.07049122086480308j),(-0.0005246761895453674-0.048295075670611254j),0.0013640594846408786,(0.0018502146618792495-0.02219614519419183j)
5.6425,(0.0013243650649618674-0.07046002448751823j),(-0.001019693085367244-0.04804456921168888j),0.0010786051866122544,(0.0023440581503291116-0.022415455275829353j)
5.6450000000000005,(0.0013231932148216716-0.07042885570061122j),(0.001211064494854128-0.050975383273283104j),0.0011670703509665404,(0.00011212871996754367-0.019453472427328117j)
5.6475,(0.0013220229191594093-0.07039771446750946j),(0.0003549744249408213-0.05112157748032889j),0.0010674893727527788,(0.000967048494218588-0.019276136987180573j)
5.65,(0.001320854175227184-0.07036660075170473j),(-0.002761166991336737-0.048185000846874305j),0.001148841975269141,(0.0040820211665639206-0.022181599904830422j)
5.6525,(0.001319686980283303-0.07033551451675349j),(0.0015628593248516172-0.050315511831182914j),0.0009973777272404012,(-0.00024317234456831425-0.020020002685570575j)
5.655,(0.0013185213315919577-0.07030445572627635j),(0.003954110878118276-0.05058984376293143j),0.0012160602425913872,(-0.002635589546526319-0.019714611963344918j)
5.6575,(0.0013173572264234667-0.07027342434395814j),(0.002396764470973866-0.052859847904121376j),0.0010898802734625014,(-0.0010794072445503991-0.017413576439836764j)
5.66,(0.0013161946620541948-0.07024242033354765j),(0.002164076460385563-0.05175757350923219j),0.0010519694080281848,(-0.0008478817983313682-0.018484846824315455j)
5.6625000000000005,(0.0013150336357664373-0.07021144365885768j),(-0.0018532472516388432-0.049336101494792714j),0.001087956646813693,(0.00316828088740528-0.02087534216406496j)
5.665,(0.0013138741448485251-0.07018049428376465j),(-0.000905321466765891-0.04828075708413424j),0.0009945149385305135,(0.002219195611614416-0.021899737199630405j)
5.6675,(0.0013127161865947987-0.0701495721722086j),(6.142456718522217e-05-0.049847969933830345j),0.0009071433501424765,(0.0012512916194095764-0.020301602238378257j)
5.67,(0.0013115597583054383-0.07011867728819306j),(0.007267137428138713-0.050821439413540476j),0.0009999476048219394,(-0.005955577669833274-0.01929723787465258j)
5.6725,(0.0013104048572866714-0.07008780959578488j),(0.003208101917214007-0.05329748054949554j),0.0010905284963485572,(-0.0018976970599273357-0.01679032904628934j)
5.675,(0.0013092514808505837-0.070056969059114j),(0.002400949083777999-0.05487323129069174j),0.0008587608573001809,(-0.0010916976029274154-0.015183737768422259j)
5.6775,(0.001308099626315283-0.07002615564237356j),(0.002150816201543869-0.05222331526791079j),0.0011501937253537136,(-0.0008427165752285862-0.017802840374462774j)
5.68,(0.0013069492910045854-0.06999536930981948j),(-0.00039560025687529097-0.04989765144819042j),0.001042882190425702,(0.0017025495478798763-0.02009771786162906j)
5.6825,(0.001305800472248378-0.06996461002577045j),(0.002313455810266713-0.04958045404512011j),0.0013134153907598724,(-0.001007655338018335-0.02038415598065034j)
5.6850000000000005,(0.0013046531673822962-0.06993387775460784j),(0.0014634679119422491-0.051888421647910264j),0.0012947519830072678,(-0.00015881474455995293-0.018045456106697576j)
5.6875,(0.0013035073737478167-0.06990317246077547j),(0.004130548711614363-0.050347248454363294j),0.0010297984870218466,(-0.0028270413378665466-0.01955592400641218j)
5.69,(0.001302363088692342-0.06987249410877958j),(0.002177452608078525-0.04983049193933248j),0.001143009272809753,(-0.0008750895193861828-0.0200420021694471j)
5.6925,(0.0013012203095689808-0.06984184266318852j),(0.000870841205834591-0.052764788205499194j),0.0011029439205226673,(0.0004303791037343897-0.017077054457689325j)
5.695,(0.00130007903373671-0.06981121808863285j),(0.0036567877222437655-0.05208546846227814j),0.0011665897077116683,(-0.0023567086885070555-0.017725749626354703j)
5.6975,(0.00129893925856028-0.06978062034980485j),(0.000548591057998295-0.052299861100169286j),0.0009985762109551443,(0.000750348200561985-0.017480759249635568j)
5.7,(0.0012978009814102096-0.06975004941145892j),(-0.001154207858347935-0.04942019912663269j),0.00102167813127943,(0.0024520088397581444-0.02032985028482623j)
5.7025,(0.0012966641996627801-0.06971950523841085j),(0.0039286672074062765-0.04945949633121212j),0.0010705927797874865,(-0.0026320030077434963-0.02026000890719873j)
5.705,(0.0012955289107000295-0.06968898779553818j),(0.00441285986495822-0.05173242556349281j),0.0011230806577153503,(-0.003117330954258191-0.01795656223204537j)
5.7075000000000005,(0.0012943951119096572-0.06965849704777967j),(4.365843312683058e-05-0.04584814162578131j),0.0010371727949189252,(0.0012507366787828265-0.023810355421998358j)
5.71,(0.0012932628006851563-0.06962803296013555j),(0.0014006724793383769-0.05031146772618987j),0.001180520875949562,(-0.00010740967865322058-0.019316565233945676j)
5.7125,(0.0012921319744256567-0.06959759549766703j),(-0.0015322477007280752-0.04960808605226341j),0.0010802143176587902,(0.0028243796751537317-0.01998950944540362j)
5.715,(0.0012910026305359929-0.06956718462549635j),(0.0010856499884986921-0.05178603251190368j),0.0010942865411279503,(0.00020535264203730072-0.01778115211359267j)
5.7175,(0.001289874766426645-0.06953680030880668j),(0.003349886272423723-0.05320363881526562j),0.0010962695442117592,(-0.002060011505997078-0.01633316149354106j)
5.72,(0.001288748379513771-0.06950644251284184j),(0.0026375541300462085-0.04870837524277228j),0.001144972188955752,(-0.0013488057505324374-0.02079806727006956j)
5.7225,(0.0012876234672191819-0.06947611120290634j),(0.002688652736926625-0.050901599841327985j),0.001170325208495404,(-0.001401029269707443-0.018574511361578352j)
5.7250000000000005,(0.0012865000269702358-0.0694458063443652j),(0.0005973765927577581-0.04908486558960146j),0.0010374475007629597,(0.0006891234342124777-0.02036094075476374j)
5.7275,(0.0012853780562000067-0.06941552790264355j),(-0.002489988775949946-0.04753739358566385j),0.0011230734714189811,(0.0037753668321499527-0.0218781343169797j)
5.73,(0.0012842575523470637-0.06938527584322704j),(-0.000782192780739349-0.05055838456382559j),0.0012037364264648703,(0.0020664503330864127-0.018826891279401452j)
5.7325,(0.0012831385128555754-0.06935505013166114j),(0.002220043167378179-0.04895955157593861j),0.001169947603563154,(-0.0009369046545226038-0.02039549855572253j)
5.735,(0.001282020935175318-0.06932485073355145j),(0.0025543561351161854-0.04568800892820901j),0.0009330569555667633,(-0.0012723351999408673-0.023636841805342437j)
5.7375,(0.0012809048167615532-0.06929467761456327j),(0.004846288203342564-0.047431140110783865j),0.0012772967213153178,(-0.003565383386581011-0.02186353750377941j)
5.74,(0.0012797901550751537-0.06926453074042166j),(-0.0002944136762637332-0.05053725151831726j),0.0010481393150934921,(0.001574203831338887-0.018727279222104397j)
5.7425,(0.0012786769475824546-0.06923441007691115j),(0.0013837044866569887-0.05036108886591199j),0.0011332600030784594,(-0.00010502753907453409-0.01887332121099916j)
5.745,(0.0012775651917552892-0.06920431558987591j),(-0.0015141449326597333-0.050113259823314035j),0.001127298078677013,(0.0027917101244150228-0.01909105576656188j)
5.7475000000000005,(0.0012764548850710317-0.0691742472452191j),(0.0003676816612806635-0.04988571287527829j),0.0010006376213921476,(0.0009087732237903682-0.01928853436994081j)
5.75,(0.0012753460250124551-0.06914420500890331j),(-0.001992987306329144-0.04616764778874931j),0.001103914404145986,(0.003268333331341599-0.022976557220154j)
5.7525,(0.001274238609067913-0.06911418884694998j),(-0.0008237166395346446-0.05005232885270806j),0.001147366429526947,(0.0020979552486025577-0.01906185999424192j)
5.755,(0.0012731326347311034-0.0690841987254397j),(0.0014840189080121261-0.0481659586308573j),0.0013115123672977444,(-0.00021088627328102278-0.020918240094582395j)
5.7575,(0.001272028099501218-0.0690542346105116j),(2.821532391956741e-05-0.04797950114778681j),0.0011927632865169784,(0.0012438127755816505-0.021074733462724794j)
5.76,(0.0012709250008827834-0.06902429646836364j),(0.0033363059095050792-0.05065047368393345j),0.0010803263786680723,(-0.002065380908622296-0.018373822784430185j)
5.7625,(0.0012698233363858458-0.06899438426525219j),(0.0027175753647199364-0.05076993840202923j),0.00126686581935911,(-0.0014477520283340906-0.018224445863222957j)
5.765,(0.001268723103525777-0.06896449796749216j),(-0.00027119319241458023-0.04735074332203865j),0.0012061644832201276,(0.0015399162959403572-0.021613754645453502j)
5.7675,(0.0012676242998233367-0.06893463754145662j),(0.0003750467034486461-0.048134102299858185j),0.0011441694870033459,(0.0008925775963746906-0.020800535241598438j)
5.7700000000000005,(0.00126652692280465-0.06890480295357691j),(0.0002989017194079816-0.053727844546021426j),0.0012093371456518662,(0.0009676252033966684-0.015176958407555487j)
5.7725,(0.0012654309700012056-0.0688749941703423j),(-0.0013164591145536579-0.053071997180363484j),0.0011963404331198602,(0.0025818900845548634-0.01580299698997882j)
5.775,(0.0012643364389498019-0.06884521115830002j),(0.000554161932235578-0.05176423609425888j),0.0011736206522360334,(0.0007101745067142239-0.01708097506404114j)
5.7775,(0.001263243327192596-0.06881545388405501j),(0.002040413057236645-0.04882364296990278j),0.0010934584221124236,(-0.0007771697300440492-0.019991810914152232j)
5.78,(0.001262151632276985-0.06878572231426996j),(0.0021817254488380564-0.050726566759991334j),0.001134866733031467,(-0.0009195738165610713-0.01805915555427863j)
5.7825,(0.0012610613517557638-0.06875601641566506j),(0.0010706509498977662-0.050695345451783023j),0.001030675147818913,(0.00019041040185799763-0.018060670963882038j)
5.785,(0.001259972483186896-0.06872633615501783j),(-0.0014901807407634495-0.04696994846870544j),0.0010770104966791626,(0.0027501532239503452-0.02175638768631239j)
5.7875000000000005,(0.0012588850241337065-0.06869668149916319j),(-0.0017363388237068846-0.05052151326465148j),0.0011211252271504178,(0.002995223847840591-0.018175168234511714j)
5.79,(0.0012577989721647429-0.06866705241499312j),(0.004278650444133299-0.046701922733591285j),0.0010818313540431703,(-0.003020851471968556-0.02196512968140183j)
5.7925,(0.0012567143248537384-0.06863744886945672j),(0.0015259665374249367-0.04568311307653065j),0.0009308859314728587,(-0.00026925221257119826-0.02295433579292607j)
5.795,(0.001255631079779764-0.06860787082955996j),(0.0025216084101404935-0.04813165578932936j),0.0009328696768694687,(-0.0012659773303607294-0.020476215040230603j)
5.7975,(0.001254549234526976-0.06857831826236557j),(-0.0027070034038684776-0.046895413662557374j),0.000984333593043101,(0.003961552638395454-0.0216829045998082j)
5.8,(0.0012534687866848169-0.06854879113499301j),(0.0023442400172903636-0.05343245173759874j),0.0012458616939836848,(-0.0010907712306055467-0.015116339397394277j)
5.8025,(0.001252389733847913-0.06851928941461821j),(0.00019404112530010273-0.04493193324474442j),0.0009226058038904765,(0.0010583486085478102-0.023587356169873792j)
5.805,(0.0012513120736160042-0.06848981306847365j),(0.00158144744507528-0.0474046541382762j),0.0010187460940725302,(-0.00033013537145927573-0.021085158930197453j)
5.8075,(0.0012502358035940816-0.06846036206384797j),(0.0004656731856890569-0.048247210568565346j),0.0011890501472717973,(0.0007845626179050247-0.02021315149528262j)
5.8100000000000005,(0.0012491609213921514-0.06843093636808613j),(0.0010461960301873545-0.047467982778421805j),0.0010499243529476419,(0.00020296489120479695-0.020962953589664324j)
5.8125,(0.0012480874246254944-0.06840153594858897j),(0.0010816029981889767-0.042985176002464896j),0.0012157261176624582,(0.00016648442643651777-0.025416359946124074j)
5.815,(0.0012470153109144179-0.06837216077281358j),(-0.001027371801477544-0.047803304681187625j),0.0009173723101290514,(0.002274387112391962-0.020568856091625953j)
5.8175,(0.0012459445778844015-0.06834281080827248j),(0.00036992578542417476-0.04808926643930444j),0.0011671178897014048,(0.0008760187924602267-0.020253544368968042j)
5.82,(0.0012448752231659299-0.06831348602253419j),(0.00016960191142897127-0.04480022513922543j),0.0011733614916096106,(0.0010752733117369586-0.02351326088330876j)
5.8225,(0.0012438072443946427-0.06828418638322273j),(-3.0913188025736975e-05-0.04483345976065431j),0.0013127453405019896,(0.0012747204324203797-0.02345072662256842j)
5.825,(0.0012427406392112187-0.06825491185801753j),(0.0006844813122754061-0.0478144688002408j),0.0012151609151300168,(0.0005582593269358126-0.02044044305777673j)
5.8275,(0.0012416754052613956-0.06822566241465344j),(0.0017913727672307217-0.04568475205044765j),0.0011499369341710943,(-0.0005496973619693261-0.022540910364205795j)
5.83,(0.0012406115401959602-0.06819643802092054j),(0.0014479177886706101-0.04853901054173715j),0.001240026610638433,(-0.0002073062484746499-0.019657427479183393j)
5.8325000000000005,(0.0012395490416707339-0.06816723864466391j),(-0.0007890050550650427-0.04883784327262494j),0.001288543862563347,(0.0020285540967357766-0.01932939537203897j)
5.835,(0.001238487907346491-0.06813806425378373j),(-0.001135834675268281-0.0503420663179249j),0.001202640161238965,(0.0023743225826147723-0.01779599793585883j)
5.8375,(0.0012374281348891127-0.06810891481623504j),(0.002554225305152719-0.04686250404065034j),0.0010275699568483934,(-0.0013167971702636061-0.021246410775584708j)
5.84,(0.001236369721969363-0.06807979030002763j),(-0.0011036051922305808-0.046900734508942596j),0.0012563765782632116,(0.002339974914199944-0.021179055791085033j)
5.8425,(0.0012353126662630752-0.06805069067322586j),(0.0036387743598706875-0.0524955050455031j),0.0012938823192507698,(-0.0024034616936076123-0.015555185627722762j)
5.845,(0.0012342569654509629-0.06802161590394876j),(-0.000537385002798701-0.04825901125555435j),0.0010322852872832093,(0.0017716419682496638-0.019762604648394404j)
5.8475,(0.0012332026172187558-0.06799256596036962j),(0.006490432920581707-0.04728476732970294j),0.0010143905219403694,(-0.005257230303362951-0.020707798630666685j)
5.8500000000000005,(0.001232149619257087-0.06796354081071611j),(-0.0006068461080344981-0.04866676046020242j),0.0011697774740456206,(0.0018389957272915852-0.019296780350513687j)
5.8525,(0.0012310979692615421-0.06793454042327006j),(0.0031687500230580586-0.04630990529329929j),0.0011086703978353087,(-0.0019376520537965165-0.021624635129970766j)
5.855,(0.001230047664932616-0.06790556476636733j),(0.00042398994523932393-0.0481364833258336j),0.001150418650019636,(0.0008060577196932922-0.019769081440533735j)
5.8575,(0.001228998703975661-0.06787661380839774j),(0.000456324730945057-0.050739673862780804j),0.0012962480579402935,(0.000772673973030604-0.017136939945616936j)
5.86,(0.001227951084100996-0.06784768751780502j),(0.00039998957308491097-0.04709880574611112j),0.000931194918531232,(0.000827961511016085-0.020748881771693907j)
5.8625,(0.0012269048030236806-0.06781878586308644j),(0.00036725578600751486-0.05053096834801332j),0.0010726822930245297,(0.0008596490170161657-0.01728781751507312j)
5.865,(0.0012258598584638436-0.06778990881279308j),(0.0018230304139712045-0.049724249908973644j),0.001142677151395615,(-0.000597170555507361-0.018065658903819434j)
5.8675,(0.0012248162481462608-0.06776105633552934j),(0.0010243514675277352-0.04578371887419915j),0.0011490430547623847,(0.00020046478061852557-0.02197733746133019j)
5.87,(0.0012237739698006914-0.06773222839995306j),(-0.0037166837569600516-0.04848442081407405j),0.0010168913451889519,(0.004940457726760743-0.01924780758587901j)
5.8725000000000005,(0.0012227330211616151-0.06770342497477538j),(0.0014115952578972633-0.04263541782457178j),0.00117333883003341,(-0.00018886223673564816-0.025068007150203603j)
5.875,(0.0012216933999684137-0.06767464602876049j),(-0.0021061646595736377-0.04926570550977205j),0.0011693385969492492,(0.0033278580595420514-0.018408940518988434j)
5.8775,(0.0012206551039652127-0.06764589153072575j),(0.0024414485853249813-0.04313112852268461j),0.0012392489480982161,(-0.0012207934813597686-0.024514763008041146j)
5.88,(0.0012196181309009444-0.06761716144954132j),(-0.0013969435197539234-0.04850870366249753j),0.0010165877995226872,(0.0026165616506548675-0.019108457787043787j)
5.8825,(0.0012185824785293257-0.06758845575413021j),(-0.0010159540616916942-0.045967459138177943j),0.0012181970189897064,(0.00223453654022102-0.021620996615952265j)
5.885,(0.0012175481446088294-0.06755977441346817j),(0.0005627922332918544-0.043199632297080556j),0.0011694289109294605,(0.000654755911316975-0.02436014211638761j)
5.8875,(0.0012165151269026768-0.06753111739658345j),(-0.003590509875457462-0.04680667199959012j),0.0012342987194219476,(0.004807025002360139-0.020724445396993328j)
5.89,(0.001215483423178887-0.0675024846725569j),(0.004745171076109281-0.04729837107064272j),0.0009345515258737373,(-0.003529687652930394-0.02020411360191418j)
5.8925,(0.0012144530312100707-0.06747387621052163j),(-0.0007260061407341789-0.04720457323361738j),0.0014494530766853539,(0.0019404591719442495-0.020269302976904248j)
5.8950000000000005,(0.0012134239487737067-0.06744529197966305j),(0.0017172831418243478-0.05172498438328871j),0.0010757258123785612,(-0.0005038591930506412-0.01572030759637434j)
5.8975,(0.001212396173651934-0.06741673194921864j),(-0.003006970070428103-0.04690766650168781j),0.0011669984786926884,(0.004219366244080037-0.020509065447530832j)
5.9,(0.0012113697036314737-0.06738819608847808j),(-0.0006762118454792193-0.04741539475287815j),0.0012310929837802706,(0.001887581549110693-0.019972801335599935j)
5.9025,(0.0012103445365039252-0.06735968436678282j),(-0.00011369086256814005-0.04618763904700168j),0.0011316584906167597,(0.0013240353990720652-0.021172045319781133j)
5.905,(0.001209320670065342-0.06733119675352613j),(0.0011808958611769734-0.04459879599568201j),0.0013242554539418922,(2.8424808888368597e-05-0.022732400757844114j)
5.9075,(0.0012082981021166559-0.06730273321815308j),(-0.0001386555416586791-0.047064679229815054j),0.0013076203881235923,(0.001346953643775335-0.02023805398833803j)
5.91,(0.001207276830463247-0.0672742937301603j),(0.0015270967502928386-0.04814046282307359j),0.0011772960709735135,(-0.00031981991982959167-0.019133830907086716j)
5.9125000000000005,(0.0012062568529152906-0.06724587825909581j),(-0.0005249933729977748-0.046663184557162445j),0.0009772646014679003,(0.0017312502259130653-0.020582693701933365j)
5.915,(0.00120523816728744-0.06721748677455915j),(0.002458692880655842-0.04610490276430212j),0.001022696306392341,(-0.0012534547133684019-0.021112584010257028j)
5.9175,(0.001204220771399064-0.06718911924620104j),(-0.001884664621088085-0.04784390925153366j),0.0011659569550330913,(0.003088885392487149-0.01934520999466738j)
5.92,(0.0012032046630740768-0.06716077564372346j),(-0.001205675889009033-0.04559872205254214j),0.0010768347344109843,(0.0024088805520831097-0.021562053591181317j)
5.9225,(0.001202189840140985-0.06713245593687923j),(0.0019392445017090787-0.04804242561966023j),0.0011462844829206328,(-0.0007370546615680937-0.019090030317219002j)
5.925,(0.0012011763004329422-0.06710416009547238j),(0.001604397353959649-0.046490835722869134j),0.0010796651706070119,(-0.00040322105352670677-0.020613324372603242j)
5.9275,(0.0012001640417875254-0.06707588808935759j),(0.004394432068479967-0.04671480621745599j),0.0012290706379340828,(-0.0031942680266924413-0.020361081871901603j)
5.93,(0.0011991530620469838-0.06704763988844041j),(0.0033009206924632752-0.04548748789274471j),0.0012291429499075581,(-0.0021017676304162913-0.0215601519956957j)
5.9325,(0.0011981433590580591-0.06701941546267684j),(0.0027173404792137953-0.04263044165507353j),0.0011176606879141995,(-0.0015191971201557362-0.024388973807603312j)
5.9350000000000005,(0.0011971349306720434-0.06699121478207362j),(0.006703080750347828-0.05011244728612041j),0.0010119388810944465,(-0.005505945819675785-0.016878767495953212j)
5.9375,(0.0011961277747447024-0.06696303781668769j),(-0.0029505307380083036-0.04751872827767978j),0.0011139636243082086,(0.004146658512753006-0.019444309539007915j)
5.94,(0.0011951218891363615-0.06693488453662648j),(-0.00404855433249709-0.04689076657373104j),0.001114385021334268,(0.005243676221633451-0.020044117962895437j)
5.9425,(0.0011941172717118312-0.06690675491204746j),(-0.0003652292085952941-0.04801403050328635j),0.0010766652444821343,(0.0015593464803071253-0.018892724408761115j)
5.945,(0.0011931139203403879-0.0668786489131583j),(0.00041561605350555654-0.04326297245861663j),0.0011344330888526327,(0.0007774978668348314-0.02361567645454167j)
5.9475,(0.0011921118328957322-0.06685056651021667j),(-0.0027416631109440084-0.043015765346532016j),0.0011354105134653506,(0.003933774943839741-0.02383480116368466j)
5.95,(0.0011911110072561723-0.06682250767353008j),(-0.0008433039567204302-0.04630309174519268j),0.0011754237117635492,(0.0020344149639766025-0.0205194159283374j)
5.9525,(0.0011901114413043034-0.06679447237345579j),(0.0005552582199940231-0.04293244405953737j),0.0009856991999304446,(0.0006348532213102803-0.02386202831391842j)
5.955,(0.0011891131329272364-0.0667664605804008j),(-0.0010916799670218692-0.048603592287933976j),0.0010896273100887604,(0.0022807930999491056-0.01816286829246682j)
5.9575000000000005,(0.0011881160800165287-0.06673847226482169j),(0.0008631907630076761-0.04611181889519017j),0.0009248843032901927,(0.00032492531700885254-0.020626653369631515j)
5.96,(0.0011871202804681002-0.06671050739722445j),(0.001511273416845629-0.049269572179852325j),0.001130799818272438,(-0.00032415313637752883-0.017440935217372125j)
5.9625,(0.0011861257321823604-0.06668256594816457j),(0.002954097963718948-0.05156155668175874j),0.0011709091839361857,(-0.0017679722315365877-0.015121009266405833j)
5.965,(0.0011851324330640143-0.06665464788824653j),(0.0019736615679541354-0.04748992749270782j),0.0010282068535962072,(-0.000788529134890121-0.01916472039553871j)
5.9675,(0.0011841403810221827-0.0666267531881243j),(0.0018944346026329485-0.04534918370640234j),0.0009572282802213462,(-0.0007102942216107657-0.021277569481721964j)
5.97,(0.0011831495739703967-0.06659888181850068j),(0.005162479343421045-0.04606794060239161j),0.0012438159717692151,(-0.003979329769450648-0.020530941216109072j)
5.9725,(0.0011821600098265363-0.06657103375012752j),(-9.506866183487657e-05-0.04789642668328301j),0.001214603479954659,(0.001277228671661413-0.018674607066844505j)
5.9750000000000005,(0.001181171686512761-0.06654320895380554j),(0.002694590162952204-0.04639592606487092j),0.0012043798007347966,(-0.001513418476439443-0.020147282888934623j)
5.9775,(0.0011801846019556593-0.06651540740038407j),(-0.0008736323725433038-0.044801382984433896j),0.0012460489916090382,(0.0020538169744989633-0.021714024415950176j)
5.98,(0.001179198754086144-0.06648762906076133j),(-0.0017430604197503116-0.044861178345890484j),0.0010948626117579404,(0.0029222591738364556-0.02162645071487085j)
5.9825,(0.0011782141408393748-0.06645987390588384j),(0.0026813986929510487-0.04472971718800541j),0.001092110945563653,(-0.001503184552111674-0.02173015671787843j)
5.985,(0.001177230760154875-0.06643214190674673j),(-0.0008232736856446206-0.04697306778054897j),0.0010378805953196954,(0.0020005044457994956-0.01945907412619776j)
5.9875,(0.001176248609976445-0.0664044330343934j),(0.0018922973850864359-0.04468571123164713j),0.001090306300509305,(-0.0007160487751099909-0.021718721802746276j)
5.99,(0.001175267688252213-0.06637674725991556j),(-0.0009756984383281377-0.04696966735881434j),0.0011618041928140848,(0.0021509661265803506-0.019407079901101222j)
5.9925,(0.0011742879929344792-0.066349084554453j),(0.0017484260410307716-0.04693650050188158j),0.0010984273695053013,(-0.0005741380480962924-0.019412584052571423j)
5.995,(0.0011733095219799258-0.06632144488919353j),(0.0028017504360670167-0.04326334750157451j),0.0012287424347524507,(-0.0016284409140870908-0.02305809738761902j)
5.9975000000000005,(0.001172332273349393-0.06629382823537308j),(0.0009268326812102981-0.047164748137759144j),0.0010596697355146232,(0.00024549959213909485-0.019129080097613937j)
6.0,(0.0011713562450080671-0.06626623456427519j),(-0.0012554101352696076-0.046100258809951104j),0.0011628625834729815,(0.0024267663802776747-0.020165975754324085j)
6.0025,(0.0011703814349252602-0.06623866384723133j),(0.005691270293553747-0.04757446016930165j),0.0011458564393651194,(-0.004520888858628487-0.018664203677929682j)
6.005,(0.0011694078410745409-0.06621111605562048j),(0.0014501643546739487-0.04936021998567727j),0.0011611755515191812,(-0.00028075651359940786-0.016850896069943208j)
6.0075,(0.0011684354614337606-0.06618359116086925j),(0.0037126238466593563-0.04423757751197851j),0.001276466700221243,(-0.0025441883852255955-0.02194601364889074j)
6.01,(0.0011674642939848512-0.06615608913445171j),(0.005073537670502003-0.04449720135219764j),0.0010617028942274882,(-0.003906073376517152-0.021658887782254076j)
6.0125,(0.0011664943367140366-0.06612860994788924j),(-0.0011751114410462622-0.04577052801550502j),0.0009013256295321159,(0.002341605777760299-0.020358081932384225j)
6.015000000000001,(0.001165525587611663-0.0661011535727505j),(-0.0017177947964355192-0.04739374901110765j),0.0010417607884076032,(0.002883320384047182-0.018707404561642847j)
6.0175,(0.0011645580446722325-0.06607371998065122j),(-0.0007400406447953934-0.04386868537238021j),0.0010061085137595723,(0.0019045986894676258-0.02220503460827101j)
6.0200000000000005,(0.0011635917058944875-0.06604630914325434j),(0.002781144935706682-0.04649438891990049j),0.00114023892982846,(-0.0016175532298121945-0.01955192022335385j)
6.0225,(0.0011626265692812488-0.0660189210322696j),(0.003622946710668127-0.04632941294323288j),0.0010668339937142295,(-0.002460320141386878-0.019689508089036717j)
6.025,(0.0011616626328394704-0.06599155561945375j),(-0.0040854291065284525-0.0450153296689265j),0.0012735359769018362,(0.005247091739367923-0.02097622595052725j)
6.0275,(0.0011606998945802734-0.06596421287661015j),(0.0011394979526438696-0.04294618195409693j),0.0012909635286992762,(2.1201941936403864e-05-0.02301803092251322j)
6.03,(0.0011597383525188789-0.06593689277558902j),(0.006803792452070986-0.04404026170434919j),0.0012132655595880595,(-0.005644054099552107-0.021896631071239833j)
6.0325,(0.001158778004674627-0.06590959528828694j),(0.0032340530462563358-0.04379893381084475j),0.0012833854287618543,(-0.0020752750415817087-0.022110661477442187j)
6.035,(0.0011578188490709576-0.06588232038664711j),(0.0026512322890052597-0.04890749682056989j),0.0010028212087838228,(-0.0014934134399343022-0.01697482356607722j)
6.0375000000000005,(0.0011568608837353553-0.0658550680426591j),(0.005337490020014294-0.04562580301328541j),0.0012361123987816006,(-0.0041806291362789395-0.020229265029373694j)
6.04,(0.0011559041066994131-0.0658278382283587j),(0.005414816362388666-0.04792640486358811j),0.0012422823735047568,(-0.004258912255689253-0.017901433364770597j)
6.0425,(0.0011549485159988411-0.06580063091582791j),(0.0006742207931215015-0.0434013688096959j),0.0012172553938343048,(0.0004807277228773396-0.02239926210613201j)
6.045,(0.0011539941096732824-0.06577344607719487j),(-0.0028148823008785403-0.04659687529128685j),0.0010693349831545726,(0.003968876410551823-0.019176570785908023j)
6.0475,(0.0011530408857665369-0.0657462836846337j),(0.0017785507529615567-0.045349302490989916j),0.0013911533786090608,(-0.0006255098671950198-0.020396981193643783j)
6.05,(0.0011520888423264366-0.06571914371036434j),(0.002107330818232352-0.04597128489717968j),0.001014052971281633,(-0.0009552419759059152-0.019747858813184666j)
6.0525,(0.0011511379774047509-0.06569202612665268j),(-0.0009096812967104577-0.04247846881261884j),0.00105718806393066,(0.0020608192741152086-0.023213557314033836j)
6.055,(0.001150188289057351-0.06566493090581015j),(0.003955646585674672-0.04004203911899707j),0.0012024955122872582,(-0.0028054582966173212-0.025622891786813075j)
6.0575,(0.0011492397753441045-0.065637858020194j),(-0.0023256605488480263-0.04185533635162752j),0.0009979971704903972,(0.003474900324192131-0.023782521668566488j)
6.0600000000000005,(0.0011482924343288316-0.0656108074422069j),(0.001960251606613087-0.04344250735881027j),0.001089910647999734,(-0.0008119591722842556-0.022168300083396632j)
6.0625,(0.0011473462640793723-0.06558377914429692j),(0.005946347331831212-0.04819611054730111j),0.0010384483933929983,(-0.0047990010677518395-0.01738766859699581j)
6.065,(0.0011464012626675377-0.06555677309895754j),(0.001160735311964282-0.04325130774527117j),0.0011288520862624454,(-1.4334049296744382e-05-0.02230546535368637j)
6.0675,(0.001145457428169111-0.06552978927872742j),(-0.0011224013226472191-0.044009367919646734j),0.0010372682811735413,(0.0022678587508163303-0.021520421359080687j)
6.07,(0.0011445147586638142-0.06550282765619045j),(5.268882731907145e-05-0.048849289886939234j),0.0013217286083248264,(0.0010918259313447427-0.016653537769251214j)
6.0725,(0.0011435732522353853-0.06547588820397549j),(-0.0003850152761545651-0.039079631544980405j),0.0012794737815113027,(0.0015285885283899503-0.02639625665899508j)
6.075,(0.001142632906971411-0.06544897089475646j),(0.0026929399840142925-0.044969277514679135j),0.0011520817411864353,(-0.0015503070770428815-0.020479693380077324j)
6.077500000000001,(0.00114169372096342-0.06542207570125211j),(-0.0025583511832491935-0.04379621328862438j),0.0010005459775785021,(0.0037000449042126136-0.021625862412627726j)
6.08,(0.0011407556923069193-0.06539520259622594j),(0.00205602790247773-0.04690295486031904j),0.0010692417978869768,(-0.0009152722101708106-0.0184922477359069j)
6.0825000000000005,(0.0011398188191012837-0.06536835155248628j),(0.0003946085578816392-0.04411958721628123j),0.0010970556803220936,(0.0007452102612196445-0.021248764336205053j)
6.085,(0.0011388830994497605-0.06534152254288583j),(0.005158740379200372-0.04258388150981366j),0.0012790199560918604,(-0.0040198572797506115-0.022757641033072172j)
6.0875,(0.001137948531459583-0.065314715540322j),(-0.002582395485432093-0.04869344189789696j),0.0011352255049461247,(0.003720344016891676-0.016621273642425043j)
6.09,(0.0011370151132417384-0.06528793051773653j),(-0.0005356914854541945-0.04831573372491562j),0.0011907437992631385,(0.0016727065986959328-0.016972196792820908j)
6.0925,(0.0011360828429111689-0.06526116744811555j),(0.00038516717589373193-0.042002315592885885j),0.0010944592227867108,(0.000750915667017437-0.02325885185522967j)
6.095,(0.0011351517185866848-0.06523442630448929j),(-0.0006771203545659712-0.04232248683985505j),0.0011252517308063476,(0.001812272073152656-0.02291193946463424j)
6.0975,(0.001134221738390876-0.06520770705993227j),(0.0020311968986378736-0.04206375470801548j),0.0011510043224360177,(-0.0008969751602469977-0.02314395235191679j)
6.1000000000000005,(0.0011332929004502315-0.065181009687563j),(0.0005755476924684752-0.04289214796057505j),0.0011798920523508672,(0.0005577452079817563-0.022288861726987956j)
6.1025,(0.0011323652028950722-0.06515433416054398j),(0.0013755616953502901-0.04479452499954964j),0.0011606057870859096,(-0.00024319649245521787-0.020359809160994335j)
6.105,(0.0011314386438595312-0.06512768045208153j),(0.001404448103974742-0.044571925746536664j),0.001086375185404103,(-0.00027300946011521074-0.020555754705544868j)
6.1075,(0.0011305132214815316-0.06510104853542585j),(0.0012338285992405194-0.04004546349672472j),0.001196149137713786,(-0.00010331537775898781-0.02505558503870113j)
6.11,(0.0011295889339028615-0.06507443838387074j),(0.003919630724981894-0.04658775908953507j),0.0014038303955525044,(-0.002790041791079033-0.018486679294335666j)
6.1125,(0.0011286657792690421-0.06504784997075366j),(0.00019586028836638563-0.042700550722657264j),0.001178861328716844,(0.0009328054909026565-0.0223472992480964j)
6.115,(0.0011277437557294311-0.0650212832694556j),(0.00394785245754208-0.04483555675410166j),0.0011492922405213362,(-0.002820108701812649-0.020185726515353934j)
6.1175,(0.0011268228614371154-0.06499473825340098j),(-0.0008735776441631067-0.044993850516312425j),0.0009646655775113045,(0.002000400505600222-0.020000887737088552j)
6.12,(0.00112590309454896-0.06496821489605746j),(-0.0009006436782931718-0.03995160853522029j),0.001234127671202986,(0.0020265467728421316-0.02501660636083717j)
6.1225000000000005,(0.0011249844532256169-0.06494171317093607j),(0.006352383267914119-0.045013125673704836j),0.0012610312933027134,(-0.005227398814688503-0.019928587497231233j)
6.125,(0.0011240669356315021-0.06491523305159097j),(0.00011889402930371838-0.04252399740833123j),0.0011737820041099094,(0.0010051729063277838-0.02239123564325974j)
6.1275,(0.0011231505399347148-0.06488877451161941j),(0.003037983758097043-0.04030327860718784j),0.0010229144237039432,(-0.0019148332181623284-0.02458549590443157j)
6.13,(0.001122235264307089-0.0648623375246616j),(0.003117654953189485-0.04177585181000674j),0.0012544763452361032,(-0.0019954196888823956-0.02308648571465486j)
6.1325,(0.0011213211069242275-0.06483592206440067j),(0.0029277529050429443-0.03839825712977945j),0.0011735638309772923,(-0.0018064317981187168-0.02643766493462122j)
6.135,(0.0011204080659654243-0.06480952810456257j),(-6.875230692675621e-05-0.04613486418332847j),0.0011551292462229504,(0.0011891603728921805-0.018674663921234104j)
6.1375,(0.001119496139613669-0.06478315561891594j),(0.004306542543522491-0.04260905745897715j),0.001173538412199417,(-0.003187046403908822-0.022174098159938795j)
6.140000000000001,(0.0011185853260556554-0.0647568045812721j),(0.00152472589381285-0.04076246466846528j),0.0011532450957173783,(-0.0004061405677571945-0.02399433991280682j)
6.1425,(0.0011176756234817602-0.0647304749654849j),(0.003209187977588908-0.03560166845634932j),0.0012034789440648775,(-0.0020915123541071475-0.029128806509135574j)
6.1450000000000005,(0.0011167670300860201-0.06470416674545072j),(-0.00022332988421959826-0.048246530505821034j),0.0011755707395757582,(0.0013400969143056185-0.01645763623962969j)
6.1475,(0.0011158595440661657-0.06467787989510822j),(0.0012030055431997686-0.04296143352097201j),0.0010998766496752553,(-8.714599913360295e-05-0.02171644637413621j)
6.15,(0.0011149531636235742-0.06465161438843842j),(0.0008263698203078061-0.04234887692823855j),0.0010067746163705251,(0.0002885833433157681-0.022302737460199867j)
6.1525,(0.0011140478869632897-0.06462537019946454j),(0.0020029161533819478-0.04299968771286805j),0.0010462195522565924,(-0.0008888682664186581-0.021625682486596493j)
6.155,(0.0011131437122939417-0.06459914730225191j),(-0.0014788738931080078-0.04282628731076704j),0.001044458123405964,(0.0025920176054019493-0.021772859991484872j)
6.1575,(0.0011122406378278565-0.06457294567090795j),(-0.004410216979796432-0.043509013798586536j),0.001208221814832423,(0.005522457617624288-0.02106393187232141j)
6.16,(0.001111338661780961-0.06454676527958197j),(0.0007111011622171774-0.037911008282195874j),0.0009442915179516969,(0.0004002374995637837-0.0266357569973861j)
6.1625000000000005,(0.0011104377823728177-0.06452060610246517j),(0.003801979643082483-0.04432126299131333j),0.0012355932156121532,(-0.0026915418607096654-0.02019934311115184j)
6.165,(0.0011095379978264923-0.06449446811379057j),(0.0025356017480848416-0.044552690146768735j),0.001183774831102755,(-0.0014260637502583494-0.01994177796702184j)
6.1675,(0.0011086393063688134-0.06446835128783285j),(-0.0005165400490258716-0.045525315703448685j),0.0010910896992350325,(0.001625179355394685-0.018943035584384163j)
6.17,(0.001107741706230068-0.06444225559890827j),(0.003309279867731615-0.04073786382432117j),0.0010811813774153352,(-0.002201538161501547-0.0237043917745871j)
6.1725,(0.001106845195644166-0.06441618102137468j),(0.0004274473828616397-0.041396323924152253j),0.0011600904390715666,(0.0006793978127825263-0.02301985709722243j)
6.175,(0.0011059497728486034-0.06439012752963144j),(-0.001193618745927291-0.0417664240561407j),0.0011945400357771718,(0.0022995685187758947-0.02262370347349074j)
6.1775,(0.0011050554360843966-0.0643640950981191j),(0.0012344655042518813-0.0439634868655073j),0.0011191723069837046,(-0.00012941006816748462-0.020400608232611805j)
6.18,(0.0011041621835962065-0.06433808370131965j),(0.002269877890111267-0.039927753318951015j),0.001363937728184227,(-0.0011657157065150603-0.02441033038236863j)
6.1825,(0.0011032700136320583-0.06431209331375617j),(0.0008979324322532598-0.042661782210512825j),0.0011633517343551086,(0.0002053375813787985-0.02165031110324335j)
6.1850000000000005,(0.001102378924443734-0.06428612390999293j),(-0.002246399129163005-0.04099839345326142j),0.0011842324862502362,(0.003348778053606739-0.023287730456731506j)
6.1875,(0.0011014889142863954-0.0642601754646352j),(-0.0034111339388040863-0.03921853019744161j),0.0010996687717305974,(0.004512622853090482-0.02504164526719358j)
6.19,(0.0011005999814187757-0.0642342479523292j),(0.0018372965563385455-0.04196526845163168j),0.0011359362000085281,(-0.0007366965749197698-0.022268979500697512j)
6.1925,(0.001099712124103101-0.064208341347762j),(0.008123033215943279-0.044462416356551626j),0.0010604627796444172,(-0.007023321091840178-0.019745924991210376j)
6.195,(0.0010988253406050976-0.06418245562566147j),(-0.00025550890211461125-0.04072593378826452j),0.0012092459399074935,(0.001354334242719709-0.023456521837396944j)
6.1975,(0.0010979396291940298-0.06415659076079622j),(0.001624078408745908-0.042238384775054934j),0.0010577142853885604,(-0.0005261387795518781-0.021918205985741283j)
6.2,(0.0010970549881425744-0.06413074672797539j),(0.0018239337186608706-0.044145054249200635j),0.0011304522296230078,(-0.0007268787305182963-0.019985692478774755j)
6.202500000000001,(0.0010961714157269745-0.06410492350204874j),(0.002541654943199584-0.04409869274482188j),0.001054946272131877,(-0.0014454835274726094-0.020006230757226864j)
6.205,(0.0010952889102268319-0.06407912105790643j),(0.00016740384864401194-0.043023283832142586j),0.0010618410514435747,(0.0009278850615828199-0.021055837225763846j)
6.2075000000000005,(0.0010944074699253401-0.06405333937047901j),(0.004672143489773864-0.043429335058291975j),0.001174376673211147,(-0.0035777360198485236-0.020624004312187035j)
6.21,(0.0010935270931089832-0.06402757841473743j),(0.0034920180220462823-0.04379942180849891j),0.0009866826787482753,(-0.002398490928937299-0.020228156606238515j)
6.2125,(0.0010926477780678649-0.06400183816569266j),(-0.0019759114938018934-0.04353136874941871j),0.001186681664412426,(0.0030685592718697583-0.02047046941627395j)
6.215,(0.0010917695230953494-0.06397611859839591j),(-0.001566198831573301-0.03954290411555251j),0.0011593759494959784,(0.0026579683546686505-0.024433214482843406j)
6.2175,(0.001090892326488395-0.06395041968793845j),(0.00297011087548927-0.045317882395044154j),0.00113328678852775,(-0.001879218549000875-0.018632537292894297j)
6.22,(0.001090016186547249-0.06392474140945154j),(0.001883647329126843-0.047240145183587615j),0.0011209615048348714,(-0.0007936311425795939-0.01668459622586392j)
6.2225,(0.0010891411015756247-0.06389908373810627j),(0.0007983011161081719-0.04384538250582525j),0.0013721403200043461,(0.00029083998546745285-0.020053701232281014j)
6.2250000000000005,(0.0010882670698806806-0.06387344664911353j),(-0.001101194722206706-0.04569711918084561j),0.0009880482640572971,(0.0021894617920873863-0.018176327468267917j)
6.2275,(0.0010873940897728593-0.06384783011772403j),(0.003858822896585924-0.04120182598722571j),0.001153451855797034,(-0.0027714288068130645-0.022646004130498325j)
6.23,(0.001086522159566076-0.06382223411922809j),(-0.00022760058206782463-0.04308756780051444j),0.0009926410606958974,(0.0013141227416339006-0.02073466631871365j)
6.2325,(0.001085651277577586-0.06379665862895556j),(0.0016482348485644931-0.04277811346053332j),0.0012454474999909495,(-0.0005625835709869072-0.02101854516842224j)
6.235,(0.0010847814421280637-0.06377110362227584j),(-0.0005200256782709798-0.042923715446883705j),0.0009797482951558808,(0.0016048071203990434-0.020847388175392133j)
6.2375,(0.0010839126515414532-0.06374556907459775j),(0.0022519119588881773-0.037567796846154834j),0.001048323624639582,(-0.001167999307346724-0.026177772228442912j)
6.24,(0.0010830449041451592-0.06372005496136937j),(0.0012528016241603666-0.035992725429359336j),0.0010035594511737585,(-0.00016975672001520747-0.027727329532010035j)
6.2425,(0.0010821781982698288-0.06369456125807811j),(0.0023693599949237555-0.04079442647240584j),0.001134430102694683,(-0.0012871817966539267-0.022900134785672273j)
6.245,(0.0010813125322495288-0.06366908794025052j),(0.0030063002742470786-0.038585153580775085j),0.0009016783317472597,(-0.0019249877419975497-0.02508393435947543j)
6.2475000000000005,(0.0010804479044216266-0.0636436349834523j),(0.0033471516411081002-0.042817782360603844j),0.0012128000788031107,(-0.0022667037366864737-0.020825852622848452j)
6.25,(0.001079584313126782-0.06361820236328816j),(0.002719454390124605-0.04446023154253619j),0.001092249027288043,(-0.001639870076997823-0.01915797082075197j)
6.2525,(0.0010787217567090114-0.06359279005540171j),(-0.002050583617842893-0.040737476664777506j),0.001158284663863955,(0.0031293053745519044-0.022855313390624202j)
6.255,(0.0010778602335156109-0.06356739803547543j),(0.0018954596115226487-0.041918034455172046j),0.0010084304251330863,(-0.0008175993780070378-0.02164936358030338j)
6.2575,(0.0010769997418971806-0.0635420262792307j),(0.003148435748159161-0.03937415300799283j),0.001393049803752891,(-0.002071436006261981-0.024167873271237865j)
6.26,(0.0010761402802076392-0.06351667476242737j),(0.0002985583585775447-0.04103599878046616j),0.0012650569558664438,(0.0007775819216300945-0.022480675981961205j)
6.2625,(0.0010752818468041277-0.0634913434608642j),(-0.001336868331371905-0.04039097021615806j),0.0010665941241402494,(0.0024121501781760326-0.023100373244706138j)
6.265000000000001,(0.001074424440047096-0.06346603235037844j),(0.0029650519127065733-0.04060350521728511j),0.001058802586511418,(-0.0018906274726594773-0.02286252713309333j)
6.2675,(0.0010735680583002815-0.06344074140684565j),(0.004176467358783774-0.04196161252911852j),0.0012225196430796113,(-0.0031028993004834924-0.021479128877727127j)
6.2700000000000005,(0.0010727126999306217-0.06341547060618001j),(-0.0002484572746154811-0.04392016605199756j),0.0011883789598115578,(0.0013211699745461027-0.019495304554182448j)
6.2725,(0.0010718583633083573-0.06339021992433386j),(0.0033025696293566367-0.034439773308695285j),0.0009781513576824215,(-0.0022307112660482796-0.028950446615638573j)
6.275,(0.0010710050468069738-0.06336498933729795j),(0.0022313211170612818-0.04724466729012898j),0.0009425782008099292,(-0.001160316070254308-0.01612032204716897j)
6.2775,(0.0010701527488031315-0.06333977882110108j),(-0.0007367999124251839-0.04035165444970423j),0.0010988684491408927,(0.0018069526612283153-0.022988124371396843j)
6.28,(0.001069301467676779-0.06331458835181021j),(0.003243069130100941-0.03947468275516446j),0.001217720416869041,(-0.0021737676624241625-0.023839905596645748j)
6.2825,(0.001068451201811071-0.06328941790553028j),(0.000246742419012447-0.04202800611287209j),0.001282223639244675,(0.0008217087827986241-0.021261411792658183j)
6.285,(0.0010676019495923532-0.06326426745840426j),(0.002953332570193063-0.04245800912890708j),0.0010916180294771776,(-0.0018857306206007097-0.02080625832949718j)
6.2875000000000005,(0.0010667537094101644-0.06323913698661295j),(0.0030381286153059518-0.0427973945572663j),0.001187670588928169,(-0.0019713749058957873-0.020441742429346647j)
6.29,(0.0010659064796573318-0.06321402646637495j),(0.003667662722033439-0.04268537725706199j),0.0011435674804291976,(-0.0026017562423761072-0.020528649209312952j)
6.2925,(0.0010650602587297243-0.06318893587394651j),(0.00022100642000468085-0.036483554215226775j),0.0012038425766084432,(0.0008440538387250435-0.02670538165871974j)
6.295,(0.0010642150450265017-0.06316386518562168j),(-0.0006393811715537303-0.044365665953668j),0.0010339789093021562,(0.001703596216580232-0.018798199231953687j)
6.2975,(0.0010633708369500207-0.06313881437773199j),(0.00035853488184703-0.040465196507934904j),0.0009440664694546589,(0.0007048359551029906-0.02267361786979708j)
6.3,(0.0010625276329056755-0.06311378342664646j),(0.0008374769820631482-0.040080508366904334j),0.0010023290981715778,(0.0002250506508425273-0.023033275059742127j)
6.3025,(0.0010616854313021452-0.06308877230877158j),(0.0035877396458209626-0.040054247143024295j),0.0010466740764091534,(-0.0025260542145188174-0.023034525165747284j)
6.305,(0.0010608442305512042-0.06306378100055117j),(0.0005208164641127315-0.04093512881322673j),0.0011161118375631834,(0.0005400277664384727-0.02212865218732444j)
6.3075,(0.0010600040290677437-0.06303880947846636j),(0.0010160867578770762-0.04058425937940585j),0.0010548820989078123,(4.391727119066745e-05-0.022454550099060513j)
6.3100000000000005,(0.0010591648252698505-0.06301385771903543j),(-0.002632197868749872-0.04117411205439565j),0.0010460650273981197,(0.003691362694019723-0.02183974566463979j)
6.3125,(0.0010583266175787157-0.06298892569881384j),(-0.004291072998087545-0.043709482213549j),0.0011558827315644462,(0.0053493996156662605-0.019279443485264842j)
6.315,(0.001057489404418629-0.06296401339439407j),(0.0028437487772630518-0.04459411239950788j),0.0012544516855599618,(-0.0017862593728444228-0.01836990099488619j)
6.3175,(0.0010566531842170718-0.06293912078240564j),(0.0012838671110329384-0.03991356432457045j),0.0013002803434150876,(-0.00022721392681586666-0.02302555645783519j)
6.32,(0.0010558179554044987-0.06291424783951494j),(0.005974215023432055-0.04202834265929575j),0.001135363447506904,(-0.0049183970680275555-0.020885905180219183j)
6.3225,(0.0010549837164145841-0.06288939454242516j),(0.001220268209628407-0.03778345411380912j),0.001082017320326538,(-0.00016528449321382278-0.02510594042861604j)
6.325,(0.0010541504656840501-0.06286456086787635j),(0.0046533338593591845-0.040008912250692544j),0.0010879840611115925,(-0.0035991833936751343-0.02285564861718381j)
6.327500000000001,(0.0010533182016527133-0.06283974679264519j),(0.0006249282963970333-0.03879622145508446j),0.0010536987775100369,(0.00042838990525568004-0.024043525337560726j)
6.33,(0.0010524869227634388-0.06281495229354495j),(-0.0007259107359502176-0.04475296030080839j),0.001030763203595471,(0.0017783976587136565-0.018061991992736552j)
6.3325000000000005,(0.0010516566274622035-0.06279017734742558j),(-4.784097655493848e-05-0.04104358215504898j),0.0012639545370517874,(0.001099497604017142-0.021746595192376594j)
6.335,(0.0010508273141979932-0.06276542193117339j),(-0.0016122192026380472-0.03556608198503574j),0.00101980851153288,(0.0026630465168360406-0.02719933994613765j)
6.3375,(0.001049998981422919-0.06274068602171111j),(0.001622494524532794-0.04015282718836457j),0.0012043162777052368,(-0.0005724955431098751-0.02258785883334654j)
6.34,(0.001049171627592076-0.06271596959599783j),(0.00017372213725445952-0.03694374524078592j),0.0009674019859663613,(0.0008754494903376165-0.025772224355211912j)
6.3425,(0.0010483452511636324-0.06269127263102894j),(-0.00014856065870241352-0.04088090759784461j),0.0011765232630593706,(0.001196905909866046-0.021810365033184335j)
6.345,(0.0010475198505987956-0.06266659510383593j),(0.0004154433767305797-0.04347478393907716j),0.001130741297150685,(0.0006320764738682159-0.019191811164758772j)
6.3475,(0.0010466954243617938-0.06264193699148646j),(0.003907920319412942-0.04512285618881912j),0.0011890902445767498,(-0.002861224895051148-0.017519080802667335j)
6.3500000000000005,(0.001045871970919869-0.06261729827108428j),(0.0009957800291784612-0.04169180028200274j),0.0010262989359954137,(5.009194174140767e-05-0.02092549798908154j)
6.3525,(0.0010450494887432567-0.06259267891976908j),(0.0032765287604273204-0.03855325513748912j),0.0011098973329080903,(-0.002231479271684064-0.02403942378227996j)
6.355,(0.0010442279763052632-0.06256807891471634j),(-0.004999914227302259-0.03861019261661074j),0.00102114968981609,(0.006044142203607522-0.0239578862981056j)
6.3575,(0.0010434074320820816-0.0625434982331376j),(0.0036791222314627023-0.04188710807480068j),0.0009737193670927664,(-0.0026357147993806207-0.020656390158336917j)
6.36,(0.0010425878545530206-0.06251893685228006j),(8.094631724568935e-05-0.03688506300468222j),0.0011726272711252473,(0.0009616415373073312-0.02563387384759784j)
6.3625,(0.0010417692422003018-0.06249439474942657j),(0.0005560899831574159-0.04003654995777388j),0.0009780197780514524,(0.0004856792590428859-0.022457844791652692j)
6.365,(0.0010409515935091407-0.06246987190189569j),(0.0018844154833385365-0.03942774067541723j),0.0011961209348579794,(-0.0008434638898293957-0.02304213122647846j)
6.3675,(0.0010401349069677117-0.06244536828704149j),(-0.00018405343213549885-0.03973918695790522j),0.0011411342932416784,(0.0012241883391032105-0.022706181329136266j)
6.37,(0.0010393191810671683-0.062420883882253475j),(0.0028755174216537234-0.036748461818431125j),0.0010135804316859997,(-0.001836198240586555-0.02567242206382235j)
6.3725000000000005,(0.0010385044143016275-0.06239641866495671j),(-0.0005575508500679045-0.04058153289105494j),0.0009926538111413286,(0.001596055264369532-0.021814885773901768j)
6.375,(0.0010376906051681055-0.06237197261261152j),(-0.0005656998868014581-0.04353625602544666j),0.0009809944618527503,(0.0016033904919695637-0.01883571658716486j)
6.3775,(0.0010368777521666225-0.06234754570271351j),(0.0033865666396426515-0.042460776850052194j),0.000953223948938632,(-0.0023496888874760292-0.019886768852661316j)
6.38,(0.0010360658538001288-0.06232313791279347j),(-0.000985136648672732-0.03975250344855199j),0.0009987792941801975,(0.002021202502472861-0.022570634464241485j)
6.3825,(0.0010352549085744585-0.062298749220417414j),(-0.0004941728605729491-0.0384634123252274j),0.0011831987379955478,(0.0015294277691474075-0.02383533689519001j)
6.385,(0.0010344449149983768-0.06227437960318636j),(-0.0022980540738383997-0.03808290978326841j),0.0011522631214873679,(0.0033324989888367765-0.024191469819917953j)
6.3875,(0.0010336358715836316-0.06225002903873634j),(-0.0037065520794511064-0.042598481697370294j),0.0010015816756659057,(0.004740187951034738-0.019651547341366045j)
6.390000000000001,(0.0010328277768447394-0.06222569750473839j),(0.0008564300887493667-0.03982951515458318j),0.0011143263696962527,(0.00017639768809537268-0.02239618235015521j)
6.3925,(0.0010320206292992972-0.06220138497889828j),(0.0016333125759066622-0.03917151523452385j),0.0013046854040067901,(-0.0006012919466073651-0.02302986974437443j)
6.3950000000000005,(0.001031214427467674-0.062177091438956715j),(0.0007543199314665892-0.037156388661448186j),0.0011876248053101443,(0.0002768944960010848-0.02502070277750853j)
6.3975,(0.0010304091698731428-0.06215281686268906j),(-0.00042362174150029834-0.039403870995579175j),0.0010409662639035923,(0.0014540309113734412-0.022748945867109883j)
6.4,(0.001029604855041916-0.062128561227905374j),(6.667161188391158e-05-0.038579443333253444j),0.0013238292559216444,(0.0009629332431580043-0.02354911789465193j)
6.4025,(0.00102880148150296-0.06210432451245027j),(0.0036100204268286174-0.03907272197150077j),0.0011922558085636708,(-0.0025812189453256573-0.0230316025409495j)
6.405,(0.0010279990477882399-0.06208010669420296j),(0.0006502900338425477-0.03639239258315513j),0.0011842127700115107,(0.0003777090139456922-0.02568771411104783j)
6.4075,(0.001027197552432491-0.06205590775107705j),(0.0008127833725251678-0.040684325983820734j),0.001250876995666985,(0.0002144141799073231-0.021371581767256315j)
6.41,(0.0010263969939734077-0.062031727661020615j),(4.8279081631057535e-05-0.0405929229219841j),0.0009957988118224719,(0.00097811791234235-0.02143880473903652j)
6.4125000000000005,(0.0010255973709513882-0.06200756640201596j),(-0.0008498985267219328-0.04220125074297631j),0.0011504211704838328,(0.001875495897673321-0.019806315659039654j)
6.415,(0.0010247986819097651-0.06198342395207972j),(0.002019057591652012-0.043205240846184045j),0.0011001266632280776,(-0.0009942589097422468-0.018778183105895678j)
6.4175,(0.0010240009253947308-0.06195930028926274j),(0.0010283694359027734-0.04266329338376638j),0.0013871345497754458,(-4.36851050804256e-06-0.019296006905496363j)
6.42,(0.0010232040999552067-0.06193519539164995j),(0.00021158350849492975-0.04094225216659916j),0.0011391476806876036,(0.0008116205914602769-0.020992943225050784j)
6.4225,(0.0010224082041430038-0.061911109237360366j),(0.00408465211476986-0.04208849009644207j),0.001011690174340171,(-0.003062243910626856-0.019822619140918298j)
6.425,(0.0010216132365127337-0.061887041804546954j),(-0.0018818229484694165-0.04071834359214489j),0.00116595373798015,(0.00290343618498215-0.02116869821240206j)
6.4275,(0.0010208191956218061-0.06186299307139672j),(0.0013341645661210516-0.04027533542152353j),0.0009891492231713787,(-0.00031334537049924546-0.021587657649873193j)
6.43,(0.001020026080030473-0.061838963016130365j),(-0.0002500645052260794-0.03918454828479446j),0.0011721829936773918,(0.0012700905852565524-0.022654414731335906j)
6.4325,(0.0010192338883017204-0.061814951617002574j),(-0.0017226444291891735-0.03629055143932273j),0.001101489986034133,(0.002741878317490894-0.025524400177679846j)
6.4350000000000005,(0.0010184426190013385-0.061790958852301694j),(-0.0018839558427269727-0.037063005529003226j),0.0010820088353522424,(0.0029023984617283114-0.02472795332329847j)
6.4375,(0.0010176522706979464-0.0617669847003496j),(0.002668696168169096-0.042803014667899195j),0.001197354489120097,(-0.0016510438974711497-0.018963970032450407j)
6.44,(0.001016862841962866-0.06174302913950201j),(-0.0008896180337476114-0.03961526577286348j),0.0010816565010402174,(0.0019064808757104776-0.022127763366638534j)
6.4425,(0.0010160743313702633-0.06171909214814803j),(0.0012220736889066814-0.035841118132208145j),0.0011063013141906068,(-0.00020599935753641812-0.025877974015939886j)
6.445,(0.0010152867374969804-0.06169517370471026j),(0.005960610777108252-0.036377256774494986j),0.0011788805323693044,(-0.004945324039611272-0.025317916930215276j)
6.4475,(0.0010145000589227213-0.061671273787644726j),(0.001792710470800823-0.038090759003767766j),0.0011867833485457579,(-0.0007782104118781016-0.02358051478387696j)
6.45,(0.0010137142942298154-0.06164739237544084j),(0.006979980871411138-0.039692637211274896j),0.0011634567966370885,(-0.005966266577181322-0.021954755164165944j)
6.452500000000001,(0.0010129294420034836-0.06162352944662115j),(0.004382650308679646-0.036483472334057174j),0.0010051767557345658,(-0.003369720866676163-0.02514005711256398j)
6.455,(0.0010121455008315332-0.06159968497974157j),(0.0008480303793668244-0.03677821494574437j),0.0010591540490281907,(0.0001641151214647089-0.0248214700339972j)
6.4575000000000005,(0.0010113624693046006-0.061575858953391134j),(0.0006360932439348796-0.035814119114928475j),0.0012718487911723797,(0.00037526922536972106-0.02576173983846266j)
6.46,(0.0010105803460159907-0.06155205134619186j),(0.0012026953657388888-0.037932944617389344j),0.0011728557336357066,(-0.0001921150197228981-0.02361910672880252j)
6.4625,(0.0010097991295617873-0.06152826213679896j),(-0.003085761739108856-0.03947154378151641j),0.0010240963829992096,(0.004095560868670643-0.02205671835528255j)
6.465,(0.0010090188185407321-0.06150449130390043j),(0.00016203606437441815-0.03760231769705355j),0.0009299491669026095,(0.000846982754166314-0.023902173606846877j)
6.4675,(0.0010082394115542802-0.061480738826217275j),(0.005040291117399597-0.036023779113316806j),0.0012358147234278229,(-0.004032051705845316-0.02545695971290047j)
6.47,(0.0010074609072066028-0.061457004682503265j),(0.004470578981317469-0.039995695107647077j),0.001132113556173973,(-0.0034631180741108666-0.02146130957485619j)
6.4725,(0.001006683304104574-0.061433288851545025j),(-0.00014813090178941978-0.036359503903803575j),0.0010120288990151563,(0.0011548142058939938-0.02507378494774145j)
6.4750000000000005,(0.0010059066008577065-0.06140959131216181j),(0.0018371326977076167-0.039937125495677045j),0.00114400785758938,(-0.0008312260968499103-0.021472465816484765j)
6.4775,(0.0010051307960782438-0.061385912043205516j),(0.0019307337388784773-0.04114303088963842j),0.0010312747211309748,(-0.0009256029428002335-0.020242881153567094j)
6.48,(0.001004355888381047-0.0613622510235607j),(-0.0011289475672382177-0.03710384718444318j),0.0011429673404997995,(0.002133303455619265-0.024258403839117523j)
6.4825,(0.0010035818763837624-0.061338608232144286j),(0.002911113142469624-0.03775108884369736j),0.000942223298748324,(-0.0019075312660858617-0.02358751938844693j)
6.485,(0.0010028087587065375-0.06131498364790584j),(0.0029646708191924656-0.036119938771481425j),0.0011877582952457349,(-0.001961862060485928-0.025195044876424412j)
6.4875,(0.0010020365339722676-0.06129137724982714j),(0.004582768097747656-0.03731100783760514j),0.0010335460878476926,(-0.0035807315637753885-0.023980369412222j)
6.49,(0.0010012652008065275-0.06126778901692243j),(-0.003071475901142871-0.03518029240213898j),0.001047324450706638,(0.004072741101949398-0.026087496614783455j)
6.4925,(0.001000494757837427-0.06124421892823815j),(0.0008303798824111531-0.034816324450633415j),0.0010611562405714377,(0.00017011487542627386-0.026427894477604734j)
6.495,(0.0009997252036958526-0.06122066696285296j),(-0.002411859482590979-0.03784383317516952j),0.0010191757860576619,(0.0034115846862868317-0.02337683378768344j)
6.4975000000000005,(0.0009989565370151774-0.0611971330998777j),(0.0014051928354350796-0.03577219680914366j),0.0011008239744212005,(-0.0004062362984199022-0.025424936290734036j)
6.5,(0.0009981887564315388-0.06117361731845522j),(0.0007806856845817902-0.03984767514196708j),0.0011579748849555149,(0.00021750307184974867-0.021325942176488137j)
6.5025,(0.0009974218605835648-0.06115011959776047j),(0.0001398768245927652-0.04229451999768053j),0.0009997237728643334,(0.0008575450359907996-0.018855599600079938j)
6.505,(0.00099665584811257-0.061126639917000285j),(0.0013856183662225275-0.03644612598291458j),0.0011458957970474075,(-0.00038896251810995757-0.024680513934085706j)
6.5075,(0.0009958907176624851-0.06110317825541345j),(-0.00037475280401549704-0.03590578664226923j),0.0010936771851449284,(0.0013706435216779822-0.025197391613144215j)
6.51,(0.0009951264678798094-0.06107973459227055j),(0.004109298059898261-0.04213894814538031j),0.0010417092016800802,(-0.0031141715920184514-0.01894078644689024j)
6.5125,(0.0009943630974136339-0.061056308906873975j),(-0.002918267946436745-0.04233225968566088j),0.001063871712009328,(0.003912631043850379-0.018724049221213096j)
6.515000000000001,(0.0009936006049156365-0.06103290117855785j),(0.0021439431852804036-0.03962762471700493j),0.0010040426225109104,(-0.001150342580364767-0.021405276461552922j)
6.5175,(0.00099283898904013-0.06100951138668788j),(0.0031660108515728473-0.0347909465808137j),0.0012486561713878348,(-0.0021731718625327173-0.02621856480587418j)
6.5200000000000005,(0.0009920782484439767-0.060986139510661425j),(0.0024361153079593125-0.03707608061917592j),0.0010899198469140484,(-0.0014440370595153358-0.0239100588914855j)
6.5225,(0.0009913183817865437-0.060962785529907366j),(0.0008683945496217885-0.03937736680397348j),0.0010590269990296158,(0.00012292383216475522-0.021585418725933884j)
6.525,(0.000990559387729859-0.060939449423886044j),(0.004058436155248226-0.037989047508460966j),0.0010354096651181137,(-0.003067876767518367-0.022950401915425078j)
6.5275,(0.0009898012649384581-0.060916131172089244j),(-0.0005399184927209648-0.0346758332535821j),0.0011869595403759298,(0.001529719757659423-0.02624029791850714j)
6.53,(0.000989044012079447-0.060892830754040034j),(0.001334526563104516-0.03626059861020259j),0.0012413505138806002,(-0.00034548255102506914-0.024632232143837446j)
6.5325,(0.000988287627822497-0.06086954814929284j),(0.0018272550282742266-0.03323571478543862j),0.0010584644009803083,(-0.0008389674004517296-0.027633833363854214j)
6.535,(0.0009875321108397598-0.06084628333743332j),(-0.0015935845144350242-0.035896079606009164j),0.0009167875247178546,(0.002581116625274784-0.024950203731424155j)
6.5375000000000005,(0.0009867774598060102-0.060823036298078274j),(0.004125804644186511-0.03427214291027843j),0.001105048732266911,(-0.0031390271843805004-0.026550893387799847j)
6.54,(0.0009860236733984647-0.06079980701087561j),(0.0025840620856347188-0.03806537626175578j),0.0010130396724447926,(-0.001598038412236254-0.02273443074911983j)
6.5425,(0.0009852707502969154-0.060776595455504366j),(0.0015647441395760233-0.03733358282211294j),0.0012730591672224856,(-0.0005794733892791079-0.02344301263339143j)
6.545,(0.000984518689183665-0.060753401611674425j),(0.0009238938957055686-0.034957492749669354j),0.0011710266741083277,(6.062479347809639e-05-0.02579590886200507j)
6.5475,(0.0009837674887435437-0.06073022545912681j),(-0.002269607257695773-0.038180830650264605j),0.0012781270534441098,(0.0032533747464393165-0.022549394808862207j)
6.55,(0.0009830171476638556-0.060707066977633235j),(0.0033709711938310384-0.03754530919210903j),0.001137535119539073,(-0.0023879540461671828-0.023161757785524206j)
6.5525,(0.0009822676646344206-0.06068392614699634j),(-0.0006927336122696311-0.039012648184941046j),0.0010230531400530311,(0.0016750012769040517-0.021671277962055292j)
6.555,(0.0009815190383475661-0.060660802947049515j),(-0.0016346012642276847-0.03468073698745407j),0.0011828621276826264,(0.002616120302575251-0.02598006595959545j)
6.5575,(0.0009807712674980967-0.0606376973576568j),(-0.0009505601724040344-0.03912431939495787j),0.001139693230510912,(0.001931331439902131-0.021513377962698928j)
6.5600000000000005,(0.0009800243507833294-0.060614609358712886j),(0.0014540803506411244-0.0361885961364191j),0.001093862033629895,(-0.000474055999857795-0.024426013222293784j)
6.5625,(0.0009792782869029822-0.06059153893014312j),(0.004754552124735379-0.036519022163561544j),0.001050383855578734,(-0.0037752738378323963-0.024072516766581578j)
6.565,(0.0009785330745593695-0.06056848605190331j),(-2.474780954591133e-05-0.03770971997499907j),0.0008848686069049594,(0.0010032808841052808-0.022858766076904243j)
6.5675,(0.0009777887124571294-0.06054545070397975j),(-0.00021705730068841147-0.03950396632403121j),0.0011618725379823052,(0.001194846013145541-0.021041484379948537j)
6.57,(0.0009770451993034754-0.06052243286638916j),(0.0034574734493027044-0.03868968856995934j),0.001212947094841269,(-0.002480428249999229-0.02183274429642982j)
6.5725,(0.0009763025338080285-0.060499432519178574j),(0.001137663219283953-0.03525125194151391j),0.0011180013262980107,(-0.00016136068547592465-0.02524818057766466j)
6.575,(0.0009755607146828808-0.060476449642425385j),(0.0008082187406825585-0.03785831068068053j),0.001182320967305257,(0.00016734197400032234-0.022618138961744853j)
6.577500000000001,(0.0009748197406425497-0.060453484216237134j),(-0.0014454801834229791-0.0353729711995123j),0.0011846875113658189,(0.002420299924065529-0.025080513016724836j)
6.58,(0.0009740796104039894-0.06043053622075167j),(0.004042920989769314-0.04284773101483426j),0.0009399464721664794,(-0.003068841379365324-0.017582805205917408j)
6.5825000000000005,(0.0009733403226866222-0.0604076056361368j),(-0.002980716989785678-0.03464067095144933j),0.0011091705770014048,(0.0039540573124723-0.02576693468468747j)
6.585,(0.00097260187621223-0.06038469244259054j),(0.0016085149401894859-0.037180167195279765j),0.0011087685635579817,(-0.0006359130639772559-0.023204525247310773j)
6.5875,(0.0009718642697050968-0.06036179662034089j),(0.0026953666670303817-0.03976537523572753j),0.0012354624159312828,(-0.0017235023973252849-0.02059642138461336j)
6.59,(0.0009711275018918805-0.0603389181496457j),(0.0011294841137663612-0.03708308984847147j),0.000992659530581877,(-0.00015835661187448067-0.023255828301174224j)
6.5925,(0.0009703915715016672-0.06031605701079286j),(-0.002591066958587236-0.034336549159119684j),0.0011347642901808309,(0.0035614585300889033-0.025979507851673175j)
6.595,(0.000969656477265934-0.0602932131841j),(0.004026589539986143-0.034704309754171624j),0.0010667238816265692,(-0.003056933062720209-0.025588903429928374j)
6.5975,(0.0009689222179185486-0.060270386649914555j),(0.004007649804450281-0.0334234778221319j),0.0009311991405574204,(-0.0030387275865317322-0.026846908827782658j)
6.6000000000000005,(0.0009681887921958181-0.06024757738861377j),(-0.0019742093690357674-0.03777244641031474j),0.0009556963783960848,(0.0029423981612315855-0.022475130978299028j)
6.6025,(0.0009674561988364001-0.060224785380604384j),(0.0014164130147574056-0.03714167411448475j),0.0011153670456770662,(-0.0004489568159210055-0.023083111266119637j)
6.605,(0.0009667244365813705-0.060202010606322916j),(-0.0005553938989502838-0.03458869332200527j),0.0012396220525259316,(0.0015221183355316544-0.025613317284317642j)
6.6075,(0.0009659935041741354-0.060179253046235365j),(0.0009689667958773258-0.03673468868832024j),0.0011447590793572716,(-2.97329170319033e-06-0.023444564357915122j)
6.61,(0.0009652634003604677-0.06015651268083725j),(0.0037127085949041527-0.03516145076043063j),0.0011233382635765434,(-0.0027474451945436852-0.024995061920406618j)
6.6125,(0.0009645341238886358-0.06013378949065355j),(-0.0008937484216989408-0.035229574331228294j),0.0010897214284395769,(0.0018582825455875766-0.024904215159425258j)
6.615,(0.0009638056735090933-0.06011108345623865j),(0.0025476437974976175-0.0378283302793169j),0.0010886823061764291,(-0.001583838123988524-0.022282753176921744j)
6.6175,(0.0009630780479747916-0.060088394558176134j),(0.0026657208912662595-0.036061159171288056j),0.0012583252551942343,(-0.0017026428432914678-0.024027235386888078j)
6.62,(0.0009623512460409937-0.06006572277707908j),(0.0021716179452480233-0.03471048650197308j),0.0011064193124392997,(-0.0012092666992070296-0.025355236275105997j)
6.6225000000000005,(0.0009616252664651992-0.06004306809358968j),(0.004908478072795449-0.03765250812581024j),0.0011009081879370314,(-0.00394685280633025-0.022390559967779444j)
6.625,(0.0009609001080074336-0.060020430488379274j),(-6.056580316641034e-05-0.03703341025977175j),0.001058141941404299,(0.0010214659111738439-0.022987020228607526j)
6.6275,(0.0009601757694299522-0.05999780994214837j),(0.00573290407413835-0.0367558042101542j),0.0012563853233409378,(-0.004772728304708398-0.02324200573199417j)
6.63,(0.0009594522494973415-0.059975206435626524j),(-0.0017550270530714836-0.03223044640588529j),0.0011267627783554438,(0.002714479302568825-0.027744760029741238j)
6.6325,(0.0009587295469765539-0.05995261994957227j),(-0.0007766735574624644-0.03665989876964733j),0.0012337057653051525,(0.0017354031044390181-0.02329272117992494j)
6.635,(0.0009580076606368117-0.0599300504647731j),(-4.249082368339111e-05-0.038484005449628114j),0.0009676148243537208,(0.001000498484320203-0.021446045015144986j)
6.6375,(0.0009572865892497357-0.059907497962045475j),(0.0015456583574574507-0.03615053829944463j),0.0011054111693658782,(-0.000588371768207715-0.023756959662600843j)
6.640000000000001,(0.0009565663315891123-0.05988496242223459j),(-0.002851594002669162-0.032211614689223796j),0.0011756053466619749,(0.0038081603342582744-0.027673347733010792j)
6.6425,(0.0009558468864311984-0.0598624438262145j),(0.0017585566122244635-0.036374504518700446j),0.0013933822500083114,(-0.0008027097257932651-0.023487939307514055j)
6.6450000000000005,(0.0009551282525544351-0.059839942154887964j),(0.001723523276577562-0.03458504707974096j),0.001273271561213389,(-0.000768395024023127-0.025254895075147006j)
6.6475,(0.0009544104287396328-0.0598174573891865j),(0.00048024501267335257-0.03397218855604066j),0.001124767348873297,(0.00047416541606628025-0.02584526883314584j)
6.65,(0.0009536934137698154-0.05979498951007009j),(-0.0008346316295091782-0.03635935655519867j),0.0010677695905099533,(0.0017883250432789936-0.023435632954871423j)
6.6525,(0.0009529772064303943-0.059772538498527455j),(-0.0007073329266454678-0.03290913074210607j),0.001194758741288892,(0.001660310133075862-0.026863407756421383j)
6.655,(0.0009522618055089079-0.059750104335575725j),(0.005066578811321184-0.03753899944007352j),0.0011300390855419496,(-0.004114317005812276-0.022211104895502203j)
6.6575,(0.0009515472097953261-0.0597276870022606j),(-0.004746875834534345-0.034790281126328246j),0.0011490002697734404,(0.005698423044329671-0.024937405875932357j)
6.66,(0.0009508334180818155-0.05970528647965607j),(-0.0014640862763822277-0.03840575599118075j),0.0011470714919675595,(0.0024149196944640433-0.02129953048847532j)
6.6625000000000005,(0.0009501204291627411-0.05968290274886459j),(0.0024825131512999383-0.041752422349474454j),0.0010157717139823166,(-0.0015323927221371973-0.017930480399390138j)
6.665,(0.0009494082418349092-0.059660535791016864j),(0.0008009255146420476-0.03537179929284047j),0.0010147402877436294,(0.0001484827271928616-0.024288736498176394j)
6.6675,(0.0009486968548971538-0.05963818558727184j),(0.004801220904397989-0.03506947805254867j),0.0010485077730105453,(-0.0038525240495008353-0.02456870753472317j)
6.67,(0.0009479862671507591-0.05961585211881677j),(-0.0005454675927906303-0.038309435164223665j),0.0010691388761274651,(0.0014934538599413894-0.021306416954593108j)
6.6725,(0.0009472764773991052-0.05959353536686691j),(0.002224471159759052-0.03811396675187756j),0.0012346810557457562,(-0.0012771946823599467-0.02147956861498935j)
6.675,(0.0009465674844479078-0.059571235312665685j),(0.0008694634978210625-0.037929963492481615j),0.0013678442740094037,(7.710398662684535e-05-0.02164127182018407j)
6.6775,(0.0009458592871050386-0.05954895193748455j),(0.0014566802157467632-0.03662077019941815j),0.0011070164434039153,(-0.0005108209286417247-0.0229281817380664j)
6.68,(0.0009451518841806425-0.05952668522262303j),(0.000743172723501541-0.03427900110640724j),0.0011038119981138029,(0.00020197916067910156-0.025247684116215786j)
6.6825,(0.0009444452744870906-0.05950443514940842j),(0.004011403833213926-0.03669218162121241j),0.00118199123964146,(-0.0030669585587268355-0.022812253528196005j)
6.6850000000000005,(0.0009437394568390068-0.059482201699196095j),(-0.0027945049346304145-0.03870404287905426j),0.0012262696751385803,(0.003738244391469421-0.020778158820141834j)
6.6875,(0.0009430344300530995-0.05945998485336906j),(0.0012242953518002673-0.036269493671137444j),0.0011338376684502638,(-0.0002812609217471678-0.02319049118223162j)
6.69,(0.0009423301929484415-0.05943778459333831j),(0.0017423011493147616-0.03655920374345327j),0.0011488101859407622,(-0.0007999709563663201-0.02287858084988504j)
6.6925,(0.0009416267443461831-0.059415600900542424j),(0.00040948325410628233-0.03695008769226397j),0.0011651129859545637,(0.0005321434902399008-0.022465513208278456j)
6.695,(0.0009409240830697748-0.05939343375644771j),(-0.0036329539520590292-0.03307951167185507j),0.0011875562705058907,(0.004573878035128804-0.026313922084592642j)
6.6975,(0.0009402222079447783-0.059371283142548095j),(0.0032291311419752476-0.037116596520132994j),0.0012967732817380784,(-0.0022889089340304694-0.0222546866224151j)
6.7,(0.0009395211177989939-0.0593491490403651j),(0.0023511125281525194-0.035409748849608826j),0.00120625693704507,(-0.0014115914103535255-0.02393940019075627j)
6.702500000000001,(0.000938820811462404-0.05932703143144774j),(-7.809314553053716e-05-0.036455904342886064j),0.0011816735564780848,(0.0010169139569929412-0.022871127088561677j)
6.705,(0.0009381212877671298-0.059304930297372535j),(0.0012194899876942955-0.03667509606770852j),0.0009760965549996854,(-0.00028136869992716575-0.02262983422966402j)
6.7075000000000005,(0.0009374225455475321-0.05928284561974345j),(0.0013443498576152038-0.03493874698941735j),0.0012153051067115032,(-0.0004069273120676717-0.0243440986303261j)
6.71,(0.0009367245836400618-0.05926077738019173j),(0.002412841389470021-0.0364547751093606j),0.0011497569573515494,(-0.0014761168058299592-0.022806002270831134j)
6.7125,(0.0009360274008833885-0.059238725560376015j),(0.002029291989055104-0.03896850485681496j),0.0010075573742630158,(-0.0010932645881717154-0.020270220703561055j)
6.715,(0.0009353309961183578-0.05921669014198221j),(-0.0015408069005433253-0.0330854709075617j),0.0011161913197201584,(0.002476137896661683-0.026131219234420515j)
6.7175,(0.0009346353681879064-0.059194671106723426j),(0.0011762791657758196-0.03648642304284281j),0.001023986420066735,(-0.00024164379758791319-0.022708248063880616j)
6.72,(0.0009339405159371497-0.05917266843633987j),(0.002787345704997597-0.034505466221267496j),0.0011577097108753849,(-0.0018534051890604472-0.024667202215072376j)
6.7225,(0.0009332464382133691-0.05915068211259903j),(-0.0059752923508630176-0.034568954343586304j),0.0011597583861240935,(0.006908538789076386-0.024581727769012726j)
6.7250000000000005,(0.0009325531338660035-0.05912871211729539j),(-0.002704912361036288-0.03493695651317344j),0.0010630445846761748,(0.0036374654949022913-0.02419175560412195j)
6.7275,(0.0009318606017465265-0.059106758432250314j),(0.00016950165492695085-0.03249405761561995j),0.001093589877640789,(0.0007623589468195756-0.026612700816630364j)
6.73,(0.0009311688407086581-0.059084821039312355j),(0.0014142549591829507-0.032331733935498014j),0.0012347593505053912,(-0.00048308611847429263-0.02675308710381434j)
6.7325,(0.0009304778496081704-0.059062899920356834j),(-0.001852440435635767-0.03443365137699313j),0.0010062492437785118,(0.0027829182852439375-0.024629248543363708j)
6.735,(0.0009297876273030328-0.059040995057286j),(-0.0010152479770128755-0.03199081264475955j),0.0010384947787731751,(0.0019450356043159084-0.02705018241252645j)
6.7375,(0.0009290981726532095-0.05901910643202891j),(-0.001093156161646905-0.03686245294997615j),0.0010474672814892976,(0.0020222543343001143-0.022156653482052757j)
6.74,(0.0009284094845209035-0.05899723402654135j),(-0.0009121406507496304-0.037890770791314254j),0.0013320839056086024,(0.0018405501352705337-0.021106463235227094j)
6.7425,(0.0009277215617703589-0.05897537782280591j),(0.006138657217221352-0.03415530146421317j),0.0010633152918102468,(-0.005210935655450993-0.024820076358592742j)
6.745,(0.000927034403267933-0.05895353780283178j),(0.0009447722915152854-0.03453786226689419j),0.0010922455274041383,(-1.773788824735239e-05-0.02441567553593759j)
6.7475000000000005,(0.0009263480078820812-0.05893171394865481j),(0.0036798404972329703-0.03457162982712274j),0.0009625719188048054,(-0.002753492489350889-0.024360084121532073j)
6.75,(0.0009256623744833245-0.05890990624233734j),(0.0017583263510896337-0.03972180917883939j),0.0010850357495339894,(-0.0008326639766063091-0.01918809706349795j)
6.7525,(0.0009249775019443407-0.058888114665968334j),(0.00016111751169981987-0.03941297691154203j),0.0010440196730099156,(0.0007638599902445208-0.019475137754426303j)
6.755,(0.0009242933891398668-0.058866339201663224j),(-0.0005639056711863459-0.03457800635377849j),0.001358768607310459,(0.0014881990603262127-0.024288332847884737j)
6.7575,(0.0009236100349466413-0.058844579831563736j),(0.0010266441609496153-0.03204435216373244j),0.0013412783836412375,(-0.00010303412600297401-0.026800227667831293j)
6.76,(0.0009229274382436016-0.058822836537838166j),(-0.0007045553221170578-0.03406008134338793j),0.0012142611942480659,(0.0016274827603606594-0.024762755194450238j)
6.7625,(0.000922245597911651-0.05880110930268095j),(-0.0015583101173832815-0.0340200748062861j),0.0009953596396828674,(0.0024805557152949324-0.02478103449639485j)
6.765000000000001,(0.0009215645128338318-0.058779398108312966j),(0.00203111298082557-0.033302591837736414j),0.0011867045902401465,(-0.0011095484679917382-0.025476806270576552j)
6.7675,(0.0009208841818951976-0.05875770293698114j),(0.0008674609107647888-0.03398170284058378j),0.0013417570902010262,(5.342327113040885e-05-0.02477600009639736j)
6.7700000000000005,(0.0009202046039828805-0.05873602377095881j),(0.0029400132585014954-0.03682515578073159j),0.0010554805294262551,(-0.0020198086545186148-0.02191086799022722j)
6.7725,(0.0009195257779860951-0.0587143605925452j),(-0.0031637327625114687-0.03297607309292559j),0.0010128206023600416,(0.004083258540497564-0.025738287499619608j)
6.775,(0.0009188477027960082-0.058692713384065794j),(0.0064952138849276655-0.03457351807239518j),0.001115914985025971,(-0.005576366182131657-0.024119195311670616j)
6.7775,(0.0009181703773059294-0.05867108212787204j),(0.0015881451335488608-0.03441652872944193j),0.0010400278573372082,(-0.0006699747562429314-0.024254553398430106j)
6.78,(0.0009174938004111892-0.05864946680634142j),(-0.002928166973165832-0.037287596107914274j),0.0010788590628421366,(0.0038456607735770213-0.021361870698427148j)
6.7825,(0.0009168179710090833-0.05862786740187727j),(0.0034363834594159028-0.0393168207440854j),0.001118119528106358,(-0.0025195654884068194-0.019311046657791868j)
6.785,(0.0009161428879990009-0.05860628389690893j),(0.005259622779805846-0.033202933779780994j),0.0012727765941733965,(-0.004343479891806845-0.025403350117127937j)
6.7875000000000005,(0.0009154685502823927-0.05858471627389151j),(-0.0024888806414015605-0.035219980270031356j),0.0013558001544388902,(0.003404349191683953-0.023364736003860152j)
6.79,(0.0009147949567625854-0.05856316451530592j),(0.0014310915200026473-0.03471727284419841j),0.0010773782627601233,(-0.0005162965632400619-0.023845891671107504j)
6.7925,(0.0009141221063450662-0.058541628603658885j),(-0.0011148809078194019-0.03456665525834028j),0.0010157681416991717,(0.002029003014164468-0.023974973345318604j)
6.795,(0.0009134499979372934-0.05852010852148273j),(0.0019326290891518794-0.03372607130699465j),0.0010643781818641292,(-0.001019179091214586-0.024794037214488085j)
6.7975,(0.0009127786304486974-0.05849860425133558j),(0.003120481570700653-0.03755648822023288j),0.0010488947556304758,(-0.0022077029402519555-0.0209421160311027j)
6.8,(0.000912108002790724-0.05847711577580103j),(0.005052757367948873-0.03709977357627938j),0.0011099482917329812,(-0.004140649365158149-0.02137734219952165j)
6.8025,(0.0009114381138768209-0.058455643077488274j),(-2.770351411568608e-05-0.03516335274469157j),0.0009343224651145137,(0.0009391416279925071-0.023292290332796707j)
6.805,(0.0009107689626224731-0.05843418613903209j),(0.0007333844588245735-0.03291930255540952j),0.0010689692693991147,(0.0001773845037978996-0.02551488358362257j)
6.8075,(0.0009101005479450929-0.05841274494309264j),(-0.0013084871034724033-0.04077755564830667j),0.0012221727442215731,(0.002218587651417496-0.01763518929478597j)
6.8100000000000005,(0.0009094328687641233-0.05839131947235556j),(-0.0010740470483831793-0.0363589437168147j),0.001216512359273889,(0.0019834799171473023-0.02203237575554086j)
6.8125,(0.0009087659240009409-0.05836990970953185j),(0.003148921477231327-0.03547519885140876j),0.001256483435332797,(-0.002240155553230386-0.022894710858123085j)
6.815,(0.0009080997125789185-0.05834851563735783j),(0.002977192435502738-0.03505931204545032j),0.0011319508949212288,(-0.0020690927229238196-0.02328920359190751j)
6.8175,(0.0009074342334234334-0.05832713723859505j),(0.00037656088336283716-0.03812797756094715j),0.0011642279926013738,(0.0005308733500605962-0.020199159677647897j)
6.82,(0.0009067694854617879-0.05830577449603042j),(-0.0020939987573051484-0.035103001130320846j),0.0010891160871120465,(0.0030007682427669363-0.023202773365709577j)
6.8225,(0.0009061054676232689-0.05828442739247597j),(0.005982000111721747-0.03522310234819913j),0.0010581694567380416,(-0.005075894644098478-0.02306132504427684j)
6.825,(0.0009054421788391178-0.05826309591076883j),(0.005489030816008413-0.03008555458662776j),0.00119228484245478,(-0.004583588637169296-0.02817754132414107j)
6.827500000000001,(0.0009047796180425038-0.058241780033771326j),(0.002553549674889388-0.03575488428681261j),0.001121407789120224,(-0.0016487700568468841-0.022486895746958717j)
6.83,(0.0009041177841686202-0.05822047974437075j),(0.0006850984297020885-0.033310426732456294j),0.0010909615062145712,(0.00021901935446653174-0.024910053011914457j)
6.8325000000000005,(0.0009034566761545419-0.058199195025479454j),(0.005511122062738929-0.032334293102430044j),0.0010938079219428546,(-0.004607665386584387-0.02586490192304941j)
6.835,(0.0009027962929392455-0.05817792586003472j),(-0.00194737859871605-0.03655110695716448j),0.0011264995178769733,(0.0028501748916552956-0.021626818902870243j)
6.8375,(0.0009021366334638012-0.05815667223099879j),(0.0010388839656840264-0.03575104596913328j),0.000981360152775578,(-0.00013674733222022529-0.022405626261865506j)
6.84,(0.0009014776966710306-0.0581354341213587j),(0.0018187322362788786-0.03552210386745734j),0.0010807188498196806,(-0.000917254539607848-0.02261333025390136j)
6.8425,(0.0009008194815058168-0.05811421151412638j),(0.002979500194342701-0.03394536759187472j),0.0010217944975809946,(-0.0020786807128368844-0.02416884392225166j)
6.845,(0.0009001619869149175-0.058093004392338464j),(-0.00904844455943353-0.029753216811574404j),0.0011793179651622917,(0.009948606546348448-0.02833978758076406j)
6.8475,(0.0008995052118469765-0.058071812739056455j),(0.001402322891089704-0.033276788613403795j),0.0011519216738486663,(-0.0005028176792427276-0.02479502412565266j)
6.8500000000000005,(0.0008988491552526204-0.058050636537366404j),(0.0013185618180732192-0.037067116512513376j),0.001298179378729537,(-0.0004197126628205988-0.020983520024853028j)
6.8525,(0.0008981938160843295-0.05802947577037909j),(-0.002813987894899413-0.03062179674682097j),0.0012646960955821156,(0.0037121817109837425-0.02740767902355812j)
6.855,(0.0008975391932965479-0.058008330421229874j),(0.0014673198882937256-0.03428442095127659j),0.0010944594180896962,(-0.0005697806949971777-0.023723909469953286j)
6.8575,(0.0008968852858455901-0.0579872004730786j),(0.0006271903501394627-0.033629088132045605j),0.001096909358705874,(0.0002696949357061274-0.024358112341032995j)
6.86,(0.0008962320926896527-0.057966085909109746j),(-0.0010706645158141197-0.032200592598738836j),0.0010905557223744487,(0.0019668966085037726-0.02576549331037091j)
6.8625,(0.0008955796127888978-0.057944986712532155j),(-0.0019437983343921971-0.031184323391577548j),0.0010162741812595956,(0.002839377947181095-0.026760663320954607j)
6.865,(0.0008949278451052847-0.057923902866579155j),(-0.002613882661971737-0.03674567491014319j),0.0010812092202233364,(0.0035088105070770217-0.021178227956435966j)
6.8675,(0.0008942767886027325-0.057902834354508416j),(-0.0012386077772452314-0.03552384180000679j),0.001057142800154126,(0.002132884565847964-0.022378992554501626j)
6.87,(0.0008936264422470268-0.057881781159601915j),(-0.0015978289116332057-0.03123316099006975j),0.0010020050322785477,(0.0024914553538802325-0.026648620169532164j)
6.8725000000000005,(0.0008929768050057912-0.05786074326516599j),(-9.138899698900203e-05-0.03308449636206309j),0.0011895433607985722,(0.0009843658019947931-0.0247762469031029j)
6.875,(0.0008923278758485862-0.057839720654531204j),(0.0010622382491512546-0.03509094321077492j),0.0009995036438999138,(-0.0001699103733026684-0.022748777443756286j)
6.8775,(0.0008916796537468277-0.05781871331105223j),(0.0027595816943016037-0.030732358389761114j),0.001296184154131806,(-0.001867902040554776-0.02708635492129112j)
6.88,(0.0008910321376737349-0.05779772121810803j),(-0.0007016506057304561-0.03223933962189918j),0.0011257889003873616,(0.0015926827434041908-0.02555838159620885j)
6.8825,(0.0008903853266044657-0.057776744359101614j),(-0.003182036047896073-0.03285418430624315j),0.0011611512595890744,(0.004072421374500539-0.024922560052858464j)
6.885,(0.000889739219516037-0.057755782717460034j),(0.0008084634742841172-0.03382479691993065j),0.0007910394374169156,(8.12757452319198e-05-0.023930985797529385j)
6.8875,(0.0008890938153872954-0.057734836276634366j),(0.0027540599053587455-0.03429564239901356j),0.0010886343059491423,(-0.00186496608997145-0.023439193877620806j)
6.890000000000001,(0.0008884491131988768-0.05771390502009976j),(0.0037180143460089437-0.03489865611363053j),0.0010239316656321946,(-0.002829565232810067-0.02281524890646923j)
6.8925,(0.0008878051119333937-0.05769298893135519j),(-0.0008808447189303751-0.0325161619759921j),0.0013518536324380274,(0.0017686498308637688-0.025176826955363087j)
6.8950000000000005,(0.0008871618105752019-0.05767208799392359j),(0.00360610334132194-0.03317902357700636j),0.0009284654670319824,(-0.002718941530746738-0.024493064416917232j)
6.8975,(0.0008865192081105385-0.057651202191351766j),(-0.0031922742116046875-0.0317283757775343j),0.001097810337296926,(0.004078793419715226-0.02592282641381747j)
6.9,(0.0008858773035274142-0.05763033150721025j),(9.82269815602288e-07-0.03200982450381967j),0.0008417402486332595,(0.0008848950337118119-0.02562050700339058j)
6.9025,(0.000885236095815805-0.05760947592509342j),(0.003600814162874226-0.03494291649299762j),0.0011868816947723316,(-0.002715578067058421-0.0226665594320958j)
6.905,(0.000884595583967365-0.05758863542861933j),(0.0010633343121255994-0.03139418785416932j),0.0009918756650962757,(-0.00017873872815823446-0.026194447574450004j)
6.9075,(0.0008839557669756538-0.057567810001429714j),(0.000271675551628863-0.03314564965381911j),0.0009832942583992393,(0.0006122802153467908-0.024422160347610605j)
6.91,(0.0008833166438360186-0.057546999627189926j),(0.0014706139415349097-0.03395124311550422j),0.0009581645287351656,(-0.0005872972976988911-0.023595756511685703j)
6.9125000000000005,(0.0008826782135456559-0.05752620428958904j),(-0.003153429185760688-0.032610266436225555j),0.0010653796018016363,(0.004036107399306344-0.024915937853363483j)
6.915,(0.0008820404751035157-0.0575054239723395j),(0.0006508632844868162-0.03419286195184127j),0.0010578443238961448,(0.00023117719061669956-0.02331256202049823j)
6.9175,(0.0008814034275104547-0.05748465865917738j),(0.0004947082674262491-0.031578601013530334j),0.0010819334966422065,(0.0003866951600842056-0.025906057645647046j)
6.92,(0.000880767069768988-0.05746390833386216j),(-0.003423926629041882-0.03173392685700107j),0.0010670572228714584,(0.0043046936988108695-0.02572998147686109j)
6.9225,(0.0008801314008835562-0.057443172980176815j),(-0.0015372256201624504-0.031107676749540753j),0.0011895595781061573,(0.0024173570210460067-0.026335496230636062j)
6.925,(0.0008794964198603285-0.0574224525819276j),(-0.003479772650947006-0.030227678603381533j),0.0011002260161551921,(0.004359269070807335-0.02719477397854607j)
6.9275,(0.0008788621257073159-0.0574017471229442j),(-0.002938723946346382-0.03557178156552342j),0.0010537253385516383,(0.003817586072053698-0.021829965557420776j)
6.93,(0.0008782285174342523-0.057381056587079565j),(-0.0007584416790384179-0.03437685022476424j),0.0010226315236923293,(0.0016366701964726704-0.023004206362315323j)
6.9325,(0.0008775955940527066-0.05736038095820988j),(-0.0005069570485363559-0.03562134766496425j),0.001266687229187359,(0.0013845526425890625-0.021739033293245634j)
6.9350000000000005,(0.0008769633545760027-0.05733972022023459j),(0.005321886230250862-0.0344035988518874j),0.001198833839937715,(-0.0044449228756748595-0.02293612136834719j)
6.9375,(0.0008763317980192668-0.05731907435707627j),(0.0010339904820773596-0.03541087924516474j),0.0010631740882813216,(-0.0001576586840580928-0.021908195111911527j)
6.94,(0.0008757009233993627-0.05729844335268068j),(-0.0007448579568561027-0.03184228906759316j),0.001154339166771589,(0.0016205588802554655-0.025456154285087518j)
6.9425,(0.0008750707297349352-0.05727782719101658j),(0.0023408422677251564-0.033092358264662745j),0.0011877715384793015,(-0.0014657715379902212-0.024185468926353836j)
6.945,(0.0008744412160463989-0.057257225856075865j),(0.0050808811433483815-0.027597422465038778j),0.0012787983354675472,(-0.004206439927301983-0.029659803391037087j)
6.9475,(0.0008738123813559446-0.057236639331873354j),(0.0011546728399316056-0.033575148417237195j),0.0010188718320319594,(-0.000280860458575661-0.02366149091463616j)
6.95,(0.000873184224687488-0.05721606760244695j),(-0.0012489380157047621-0.03239231432314526j),0.0012041374045107251,(0.00212212224039225-0.02482375327930169j)
6.952500000000001,(0.0008725567450666758-0.057195510651857365j),(-0.0012766103699270394-0.034149507691199336j),0.001014767374990902,(0.002149167114993715-0.02304600296065803j)
6.955,(0.0008719299415210129-0.05717496846418827j),(-0.0064909496626423735-0.02991128068192724j),0.0011874483139271235,(0.007362879604163386-0.027263687782261032j)
6.9575000000000005,(0.000871303813079653-0.057154441023546096j),(-0.0010056257719036116-0.028073347748718655j),0.0010533032628981423,(0.0018769295849832646-0.02908109327482744j)
6.96,(0.0008706783587734869-0.05713392831406013j),(-0.0009540263499458822-0.03294025808141543j),0.0011851537753172206,(0.0018247047087193691-0.024193670232644703j)
6.9625,(0.000870053577635203-0.05711343031988248j),(0.0008523926735285453-0.030788989185651008j),0.0010836082212007734,(1.7660904106657667e-05-0.026324441134231474j)
6.965,(0.0008694294686991791-0.057092947025187815j),(0.001433754481927962-0.035424437480536544j),0.0010453219509740368,(-0.0005643250132287828-0.02166850954465127j)
6.9675,(0.0008688060310015346-0.05707247841417364j),(-0.00318045380945985-0.029776650193727203j),0.0014132672208998925,(0.004049259840461385-0.02729582822044644j)
6.97,(0.0008681832635801502-0.05705202447106004j),(0.001710940420137752-0.027720121691504597j),0.0009385448578323106,(-0.0008427571565576018-0.02933190277955544j)
6.9725,(0.0008675611654745626-0.057031585180089626j),(0.0007212490930645346-0.027132032283731126j),0.0011989310720021084,(0.00014631207241002806-0.0298995528963585j)
6.9750000000000005,(0.0008669397357261158-0.05701116052552766j),(0.0031922170624763143-0.03223965637003766j),0.0011219443973268406,(-0.0023252773267501987-0.024771504155490003j)
6.9775,(0.0008663189733777168-0.05699075049166191j),(0.0009079453614036276-0.0329385956447091j),0.00136043261804882,(-4.1626388025910784e-05-0.024052154846952813j)
6.98,(0.0008656988774741977-0.056970355062802576j),(0.00368796375620217-0.031403195441703516j),0.0008977279394204061,(-0.0028222648787279724-0.02556715962109906j)
6.9825,(0.0008650794470619358-0.05694997422328231j),(0.005519517835007787-0.0320176871497985j),0.0009676954116844377,(-0.004654438387945851-0.024932287073483807j)
6.985,(0.0008644606811890635-0.0569296079574562j),(-0.0005554321470473455-0.030544235473895873j),0.001260738968856895,(0.001419892828236409-0.026385372483560324j)
6.9875,(0.0008638425789054158-0.056909256249701626j),(0.0019965470065034484-0.03647848347739179j),0.0011204187133614422,(-0.0011327044275980325-0.020430772772309834j)
6.99,(0.000863225139262539-0.056888919084418316j),(0.004609453729714719-0.03415388804434255j),0.0014403862165513965,(-0.0037462285904521797-0.022735031040075765j)
6.9925,(0.0008626083613136766-0.056868596446028305j),(0.0006754860495513886-0.030284980521494587j),0.0010610803762633606,(0.00018712231176228804-0.02658361592453372j)
6.995,(0.0008619922441136884-0.056848288318975815j),(0.0002663126665699995-0.03391031917752739j),0.0012556556174168204,(0.0005956795775436889-0.022937969141448425j)
6.9975000000000005,(0.0008613767867192135-0.056827994687727305j),(0.001544325909785003-0.03186062131078089j),0.0009870593182005657,(-0.0006829491230657895-0.024967373376946413j)
7.0,(0.000860761988188539-0.05680771553677132j),(0.0017525193692998872-0.0322370598743669j),0.0011565328612594824,(-0.0008917573811113483-0.02457065566240442j)
7.0025,(0.0008601478475816249-0.05678745085061861j),(-0.0011657372294493083-0.0329849103088438j),0.0011639484190864924,(0.002025885077030933-0.02380254054177481j)
7.005,(0.0008595343639601242-0.056767200613801944j),(-0.0011110284275489784-0.029305972583751762j),0.0011951271932954157,(0.0019705627915091025-0.027461228030050182j)
7.0075,(0.0008589215363873313-0.056746964810876224j),(0.002240626775050498-0.028268428336721576j),0.001019431915943067,(-0.001381705238663167-0.02847853647415465j)
7.01,(0.0008583093639282387-0.0567267434264182j),(-0.002385565651736089-0.02927909043610797j),0.0009720680453416674,(0.0032438750156643277-0.027447652990310233j)
7.0125,(0.000857697845649487-0.05670653644502665j),(-0.0022482459333238412-0.030515348039300227j),0.000954275542496811,(0.0031059437789733284-0.026191188405726422j)
7.015000000000001,(0.0008570869806193753-0.05668634385132238j),(0.0006874296569780715-0.03465999331328542j),0.0011242778349263053,(0.00016965732364130378-0.022026350538036962j)
7.0175,(0.0008564767679079034-0.05666616562994792j),(-0.0007499305999130092-0.030419017538231907j),0.0009907213959158383,(0.0016064073678209126-0.02624714809171601j)
7.0200000000000005,(0.0008558672065866738-0.05664600176556772j),(0.0034652217712146773-0.03070763264355737j),0.0011229020139994035,(-0.0026093545646280036-0.025938369122010353j)
7.0225,(0.0008552582957289356-0.056625852242868015j),(0.001497368406657419-0.030747588203305146j),0.001418546176915961,(-0.0006421101109284833-0.02587826403956287j)
7.025,(0.0008546500344096466-0.05660571704655684j),(-0.001399780033900881-0.031336553195621224j),0.0012242762198833087,(0.0022544300683105273-0.025269163850935618j)
7.0275,(0.0008540424217053554-0.056585596161363945j),(-1.272370956523947e-05-0.0371182375120629j),0.0011387112597480067,(0.0008667661312705948-0.019467358649301048j)
7.03,(0.00085343545669425-0.05656548957204073j),(-0.000581725507925574-0.03512537926049008j),0.0011484645211531613,(0.001435160964619824-0.02144011031155065j)
7.0325,(0.000852829138456179-0.05654539726336027j),(0.0015139029131805393-0.029564122558696528j),0.0010720000309922158,(-0.0006610737747243604-0.02698127470466374j)
7.035,(0.0008522234660726125-0.05652531922011728j),(-0.0030692777818898164-0.029351894384611405j),0.0012621583086802751,(0.003921501247962429-0.027173424835505878j)
7.0375000000000005,(0.0008516184386266633-0.05650525542712804j),(-0.006151671797611018-0.03389428354805706j),0.0010216162052024173,(0.007003290236237681-0.022610971879070976j)
7.04,(0.0008510140552030449-0.056485205869230275j),(-0.002538402104395125-0.029065705255808167j),0.0011274068424137309,(0.00338941615959817-0.027419500613422108j)
7.0425,(0.0008504103148881479-0.056465170531283346j),(0.004064591792398703-0.0326103372037879j),0.0012027356635655579,(-0.0032141814775105554-0.023854833327495446j)
7.045,(0.0008498072167699206-0.056445149398168006j),(0.002847518662960689-0.029988177649181193j),0.0010007577010548855,(-0.001997711446190768-0.026456971748986813j)
7.0475,(0.0008492047599379294-0.056425142454786394j),(0.0016404238625062565-0.029262091481699174j),0.0012387601374022757,(-0.0007912191025683271-0.02716305097308722j)
7.05,(0.0008486029434834084-0.05640514968606214j),(0.0012770149536936158-0.030937265899479822j),0.0010570207900046501,(-0.00042841201021020733-0.025467883786582317j)
7.0525,(0.0008480017664991404-0.0563851710769401j),(0.0008167245890822769-0.029666877166064715j),0.0010586145028071603,(3.1277177416863555e-05-0.026718293910875383j)
7.055,(0.0008474012280795692-0.05636520661238648j),(0.0010553937676410596-0.027704418000680336j),0.0009840234980228397,(-0.00020799253956149037-0.028660788611706147j)
7.0575,(0.0008468013273206715-0.05634525627738883j),(0.0013720560356811472-0.02795009958735467j),0.0009742945731316032,(-0.0005252547083604757-0.02839515669003416j)
7.0600000000000005,(0.00084620206332014-0.05632532005695581j),(-0.0021317934108594436-0.03290939509993392j),0.0011730250928005676,(0.0029779954741795834-0.02341592495702189j)
7.0625,(0.0008456034351770818-0.05630539793611735j),(-0.0017001304196619-0.02952547890107689j),0.0008980997682403875,(0.002545733854838982-0.02677991903504046j)
7.065,(0.0008450054419924033-0.05628548989992455j),(-0.003553255566783376-0.03351014878174365j),0.0009194063369622872,(0.004398261008775779-0.0227753411181809j)
7.0675,(0.0008444080828684187-0.05626559593344955j),(0.0024553065368119664-0.032710879511638355j),0.001063023660349153,(-0.0016108984539435476-0.023554716421811193j)
7.07,(0.0008438113569091731-0.05624571602178562j),(0.002853332308582744-0.02953605456281904j),0.0010411277167857909,(-0.002009520951673571-0.026709661458966583j)
7.0725,(0.000843215263220191-0.056225850150047156j),(0.0020880020923561677-0.03583848468558382j),0.0010292400785357784,(-0.0012447868291359768-0.020387365464463333j)
7.075,(0.0008426198009086073-0.05620599830336941j),(0.00021226641934101392-0.02769369995071537j),0.0009897151830804067,(0.0006303533815675934-0.028512298352654043j)
7.077500000000001,(0.0008420249690831436-0.056186160466908774j),(-0.00011479575500967802-0.031041551085605305j),0.0010853477879156739,(0.0009568207240928217-0.02514460938130347j)
7.08,(0.0008414307668540897-0.056166336625842396j),(-0.001500218628157308-0.029830787079815853j),0.0011450924808447476,(0.0023416493950113976-0.026335549546026543j)
7.0825000000000005,(0.0008408371933333276-0.056146526765368444j),(0.0005362902585815964-0.03298378301242594j),0.0011562886085101135,(0.00030454693475173125-0.023162743752942506j)
7.085,(0.0008402442476342163-0.05612673087070589j),(0.0015520593063660434-0.030928519151475205j),0.00133839477700359,(-0.0007118150587318271-0.025198211719230684j)
7.0875,(0.0008396519288718008-0.056106948927094585j),(0.0041922934004587275-0.02956786183444724j),0.0009858110105385907,(-0.0033526414715869266-0.026539087092647344j)
7.09,(0.000839060236162585-0.05608718091979514j),(0.0046151519868710324-0.03032050440872179j),0.0010724183761745471,(-0.0037760917507084473-0.025766676511073353j)
7.0925,(0.0008384691686247023-0.05606742683408888j),(-0.0023105318070999257-0.0337613699669649j),0.0010279709082497415,(0.003149000975724628-0.022306056867123975j)
7.095,(0.000837878725377778-0.05604768665527788j),(0.003238001976056244-0.03285644846241089j),0.0011092057845498052,(-0.002400123250678466-0.02319123819286699j)
7.0975,(0.0008372889055430126-0.056027960368684904j),(-0.0009956621278719021-0.027698149200990896j),0.0014031956789574476,(0.0018329510334149147-0.028329811167694008j)
7.1000000000000005,(0.0008366997082431416-0.056008247959653375j),(-0.0008172037881795018-0.03367001677797548j),0.0011660152207618067,(0.0016539034964226434-0.022338231181677895j)
7.1025,(0.0008361111326024696-0.05598854941354724j),(-0.002012433923142795-0.02543508788002741j),0.0009822509111320182,(0.0028485450557452644-0.030553461533519826j)
7.105,(0.0008355231777468191-0.055968864715751084j),(0.0027511105743541213-0.027675331047099242j),0.0010514717609170208,(-0.0019155873966073022-0.02829353366865184j)
7.1075,(0.0008349358428035648-0.05594919385167001j),(-0.000629091011015353-0.03153466358440031j),0.000978295392901654,(0.0014640268538189177-0.024414530267269696j)
7.11,(0.0008343491269015682-0.055929536806729636j),(0.00034605371327045233-0.03190311074091999j),0.0011890053392422132,(0.0004882954136311158-0.024026426065809646j)
7.1125,(0.0008337630291712735-0.055909893566375976j),(-0.0017723004889526298-0.030128209586654475j),0.0012157011633641738,(0.002606063518123903-0.0257816839797215j)
7.115,(0.0008331775487446458-0.055890264116075554j),(0.004165138201679187-0.028579415806146084j),0.0011968864111064255,(-0.003331960652934541-0.02731084830992947j)
7.1175,(0.0008325926847551401-0.05587064844131521j),(0.005102750808634602-0.028102961606320837j),0.001137102027482479,(-0.004270158123879462-0.027767686834994372j)
7.12,(0.0008320084363377263-0.05585104652760223j),(0.0017446415713671779-0.030086372889651936j),0.0009856919880054044,(-0.0009126331350294515-0.02576467363795029j)
7.1225000000000005,(0.0008314248026289831-0.0558314583604641j),(0.0011154313613558878-0.03286928337331893j),0.0011905288134115078,(-0.00028400655872690465-0.022962174987145166j)
7.125,(0.0008308417827668617-0.055811883925448634j),(0.0011357894612521562-0.029702692886368835j),0.001137111281509067,(-0.0003049476784852945-0.0261091910390798j)
7.1275,(0.0008302593758909439-0.055792323208123995j),(-0.0019085456909501278-0.028729535909018673j),0.0011018021072760834,(0.0027388050668410717-0.02706278729910532j)
7.13,(0.0008296775811422385-0.05577277619407838j),(0.0011272773265407368-0.0332483054868976j),0.001176763103102964,(-0.0002975997453984983-0.022524470707180784j)
7.1325,(0.0008290963976633057-0.05575324286892032j),(0.005246248621743345-0.030059082785063675j),0.001218992494255763,(-0.00441715222408004-0.025694160083856644j)
7.135,(0.0008285158245982145-0.05573372321827837j),(-0.0011449677379420477-0.0335724210036684j),0.0010548837235303792,(0.0019734835625402625-0.022161302214609976j)
7.1375,(0.0008279358610924558-0.05571421722780127j),(9.602388030669807e-05-0.0325011788375265j),0.001096974229164935,(0.0007319119807857578-0.02321303839027477j)
7.140000000000001,(0.0008273565062930871-0.0556947248831578j),(0.005093248434360157-0.033406700471195226j),0.0010785002051557067,(-0.00426589192806707-0.02228802441196257j)
7.1425,(0.0008267777593486796-0.05567524617003674j),(-0.0003703327496971686-0.029330258520220788j),0.0010173941694111613,(0.0011971105090458484-0.02634498764981595j)
7.1450000000000005,(0.0008261996194091941-0.05565578107414695j),(-0.003823466440240325-0.03131217193472606j),0.0011540193691122918,(0.004649666059649519-0.024343609139420887j)
7.1475,(0.0008256220856261618-0.05563632958121718j),(0.002074686860388522-0.029410663119415408j),0.000926717801993771,(-0.0012490647747623604-0.02622566646180177j)
7.15,(0.0008250451571525596-0.055616891676996176j),(0.004439155109641095-0.03019165276228024j),0.0012326703524898747,(-0.0036141099524885354-0.025425238914715938j)
7.1525,(0.0008244688331428307-0.05559746734725253j),(-0.0019718057502281154-0.03169399117866152j),0.0009861758798789839,(0.0027962745833709462-0.02390347616859101j)
7.155,(0.0008238931127529453-0.0555780565777747j),(0.0007096497127139792-0.031333346626485466j),0.0010487578768791856,(0.00011424340003896613-0.02424470995128923j)
7.1575,(0.0008233179951403105-0.055558659354370994j),(-0.004596425260818916-0.029443405105078764j),0.0012714505141453755,(0.005419743255959227-0.02611525424929223j)
7.16,(0.000822743479463781-0.0555392756628695j),(0.0050727739847988606-0.028480595058949305j),0.0009594681945988263,(-0.0042500305053350795-0.027058680603920197j)
7.1625000000000005,(0.0008221695648837422-0.055519905489118095j),(0.0042031886944714275-0.022502896777557707j),0.0010859382396667494,(-0.003381019129587685-0.03301700871156039j)
7.165,(0.0008215962505619713-0.05550054881898429j),(0.0029640945928690837-0.029705073878749308j),0.0011430280735802306,(-0.0021424983423071124-0.02579547494023498j)
7.1675,(0.0008210235356617603-0.05548120563835538j),(0.001389837865797056-0.02812601270060696j),0.001109031677929901,(-0.0005688143301352956-0.02735519293774842j)
7.17,(0.0008204514193478373-0.05546187593313827j),(0.0008722733782517262-0.02732684289103145j),0.0012687697159837383,(-5.182195890388887e-05-0.02813503304210682j)
7.1725,(0.0008198799007863535-0.05544255968925954j),(0.002590782870556931-0.02439096838811039j),0.00137953260623801,(-0.0017709029697705776-0.03105159130114915j)
7.175,(0.0008193089791449762-0.05542325689266523j),(0.003611591712862165-0.023845978585316334j),0.0011467022156894744,(-0.0027922827337171887-0.0315772783073489j)
7.1775,(0.0008187386535927787-0.055403967529321044j),(-0.0017933984809499874-0.028929936821182962j),0.0009689403704644711,(0.0026121371345427663-0.026474030708138082j)
7.18,(0.000818168923300299-0.055384691585212226j),(0.002727625380780149-0.028395916094086808j),0.0010836904012650615,(-0.0019094564574798501-0.026988775491125418j)
7.1825,(0.0008175997874394969-0.05536542904634336j),(-0.001012338018778588-0.026163233302365776j),0.001017455611164567,(0.001829937806218085-0.029202195743977585j)
7.1850000000000005,(0.0008170312451837812-0.05534617989873865j),(0.0033757206938159496-0.0304789425157279j),0.00104070397705069,(-0.002558689448632168-0.02486723738301075j)
7.1875,(0.0008164632957079907-0.05532694412844159j),(-8.945420663762804e-05-0.029923373302201448j),0.0010181829337419243,(0.0009059175023456187-0.02540357082624014j)
7.19,(0.0008158959381884059-0.0553077217215151j),(-0.0017613976947225879-0.03227243753870819j),0.0012579237252849853,(0.002577293632910994-0.02303528418280691j)
7.1925,(0.0008153291718027353-0.05528851266404152j),(0.0024081767638461536-0.027140964518644676j),0.0012639580116226628,(-0.0015928475920434183-0.028147548145396845j)
7.195,(0.0008147629957301219-0.05526931694212239j),(0.0007071055125237418-0.031227338651296725j),0.0009403503197728213,(0.00010765748320638001-0.024041978290825668j)
7.1975,(0.0008141974091511185-0.05525013454187856j),(-5.194509348669555e-05-0.03061612698706289j),0.001091096540281145,(0.000866142502637814-0.024634007554815672j)
7.2,(0.0008136324112477233-0.05523096544945022j),(-0.0006590145850705468-0.028465904582534732j),0.001122603877878511,(0.00147264699631827-0.026765060866915488j)
7.202500000000001,(0.0008130680012033122-0.05521180965099663j),(0.0017998697108664971-0.031880025953406214j),0.0009335410865763564,(-0.0009868017096631848-0.023331783697590418j)
7.205,(0.0008125041782027141-0.055192667132696376j),(-0.0016296877928574432-0.026455991296337827j),0.0013747760750858783,(0.0024421919710601574-0.028736675836358548j)
7.2075000000000005,(0.0008119409414321562-0.055173537880747095j),(-0.0004881842271302317-0.0253390697726199j),0.0010029911779163043,(0.0013001251685623879-0.029834468108127194j)
7.21,(0.0008113782900792637-0.05515442188136559j),(0.0035627809957865988-0.03093526380769716j),0.0010674278554010932,(-0.002751402705707335-0.024219158073668427j)
7.2125,(0.0008108162233330928-0.05513531912078771j),(0.001132571519816309-0.025325570044634493j),0.001039222003314704,(-0.0003217552964832163-0.029809749076153216j)
7.215,(0.0008102547403840915-0.055116229585268364j),(-0.004615399305969581-0.025903528706516743j),0.0011905904806771563,(0.005425654046353673-0.02921270087875162j)
7.2175,(0.000809693840424087-0.05509715326108154j),(0.0002622602755272972-0.031715720946569416j),0.000983762543559466,(0.0005474335648967898-0.023381432314512125j)
7.22,(0.000809133522646329-0.05507809013452009j),(0.002137094481805817-0.02648734582546233j),0.001191356360036217,(-0.001327960959159488-0.028590744309057763j)
7.2225,(0.0008085737862454893-0.05505904019189592j),(-0.0012065124953627767-0.02644023312223034j),0.0010700756986751698,(0.002015086281608266-0.02861880706966558j)
7.2250000000000005,(0.0008080146304175625-0.055040003419539824j),(-0.0034645860878459397-0.02678002052231984j),0.001057686903489511,(0.004272600718263502-0.028259982897219985j)
7.2275,(0.0008074560543600191-0.05502097980380144j),(-0.0011116474686659486-0.027404574533792178j),0.0013816597230891785,(0.0019191035230259677-0.02761640527000926j)
7.23,(0.0008068980572716237-0.05500196933104935j),(0.001402023955489621-0.025288298324688367j),0.0011512309790871888,(-0.0005951258982179974-0.029713671006360985j)
7.2325,(0.0008063406383525515-0.05498297198767083j),(0.0006512211970111244-0.02484587952482734j),0.0010255755894013855,(0.00015511944134142706-0.030137092462843493j)
7.235,(0.0008057837968044257-0.05496398776007211j),(0.001251928207248546-0.031508767373581915j),0.0011451671230263201,(-0.0004461444104441203-0.023455220386490193j)
7.2375,(0.000805227531830153-0.054945016634678j),(0.0035229313775178355-0.029037111392091516j),0.0010897486256818674,(-0.0027177038456876823-0.02590790524258648j)
7.24,(0.000804671842634083-0.05492605859793216j),(-0.0006302191590368579-0.024659541610834026j),0.0010228097996795773,(0.001434891001670941-0.030266516987098136j)
7.2425,(0.0008041167284219058-0.054907113636296884j),(-0.006192218444675692-0.02608260716786858j),0.0010392530485329732,(0.006996335173097598-0.028824506468428303j)
7.245,(0.0008035621884006874-0.05488818173625311j),(0.005212283150612114-0.03025004133671204j),0.001221462643014913,(-0.0044087209622114265-0.02463814039954107j)
7.2475000000000005,(0.0008030082217788563-0.054869262884300496j),(-0.0010816847853437452-0.028471948459429214j),0.000935911238071772,(0.0018846930071226013-0.026397314424871282j)
7.25,(0.0008024548277662101-0.05485035706695719j),(0.00601800556065776-0.030232459775215426j),0.0011605400146827683,(-0.00521555073289155-0.024617897291741766j)
7.2525,(0.0008019020055739044-0.054831464270759946j),(-0.00018834546899986298-0.03142127983467686j),0.0014411349520587315,(0.0009902474745737673-0.023410184436083087j)
7.255,(0.0008013497544144483-0.054812584482264046j),(0.0033146090787605537-0.028378145984862248j),0.0011673079944944465,(-0.0025132593243461054-0.026434438497401798j)
7.2575,(0.0008007980735017512-0.05479371768804328j),(-0.0021083873285844272-0.025974349742511338j),0.0010989347687429044,(0.0029091854020861785-0.028819367945531943j)
7.26,(0.0008002469620509508-0.05477486387468989j),(0.0017241339421007152-0.02628081315492371j),0.0012934673467314757,(-0.0009238869800497644-0.02849405071976618j)
7.2625,(0.0007996964192786899-0.05475602302881453j),(-0.003108026303477816-0.027166000411700017j),0.0009639677288399006,(0.003907722722756506-0.02759002261711451j)
7.265000000000001,(0.0007991464444028475-0.05473719513704635j),(0.0009682356145948084-0.026866305024121698j),0.0010728614102110735,(-0.00016908917019196098-0.02787089011292465j)
7.2675,(0.0007985970366427043-0.05471838018603276j),(-0.0001794289232272004-0.029132843899746425j),0.001168690769393095,(0.0009780259598699047-0.025585536286286337j)
7.2700000000000005,(0.0007980481952188461-0.05469957816243958j),(0.003195161874773822-0.02861791217594728j),0.001023838524172614,(-0.002397113679554976-0.0260816659864923j)
7.2725,(0.0007974999193532333-0.05468078905295096j),(0.00400549714885552-0.027320989057776655j),0.0011273365836246049,(-0.0032079972295022867-0.0273597999951743j)
7.275,(0.000796952208269136-0.05466201284426919j),(0.0003543185142984082-0.026779030785671103j),0.0010341515799500147,(0.0004426336939707278-0.02788298205859809j)
7.2775,(0.0007964050611911831-0.05464324952311498j),(8.840254134141825e-05-0.02569200685114143j),0.0009092982675566873,(0.0007080025198497649-0.02895124267197355j)
7.28,(0.00079585847734525-0.05462449907622715j),(-0.0001379491265169947-0.02669202928184412j),0.0013402670764340588,(0.0009338076038622448-0.02793246979438303j)
7.2825,(0.000795312455958662-0.05460576149036279j),(0.003880750799666516-0.03120681249101309j),0.0010358067633529687,(-0.0030854383437078537-0.0233989489993497j)
7.285,(0.0007947669962599846-0.05458703675229699j),(0.007201468096207454-0.025294698342862437j),0.0011740541680559438,(-0.0064067010999474695-0.02929233840943455j)
7.2875000000000005,(0.000794222097479146-0.05456832484882313j),(0.005495372008961714-0.026569997274072627j),0.0011811239322783893,(-0.004701149911482568-0.027998327574750504j)
7.29,(0.0007936777588473584-0.05454962576675259j),(-0.0009714622648669708-0.029959946695237966j),0.0010818460806563343,(0.0017651400237143292-0.024589679071514624j)
7.2925,(0.000793133979597203-0.05453093949291482j),(-0.001676001723736083-0.02859787757846799j),0.001073128382828962,(0.002469135703333286-0.02593306191444683j)
7.295,(0.0007925907589625179-0.054512266014157325j),(0.0003333613987012682-0.028332673489475386j),0.0010898335791812868,(0.00045922936026124967-0.02617959252468194j)
7.2975,(0.0007920480961784802-0.05449360531734559j),(-0.0017327481552982128-0.028204747977509947j),0.0011173392119621112,(0.002524796251476693-0.02628885733983564j)
7.3,(0.0007915059904815681-0.054474957389363046j),(-0.0018829415441285332-0.030444588933234318j),0.0011941424142631713,(0.0026744475346101013-0.02403036845612873j)
7.3025,(0.0007909644411095706-0.05445632221711112j),(0.004391232567694901-0.03267293306075449j),0.0010826484916411764,(-0.00360026812658533-0.02178338915635663j)
7.305,(0.0007904234473015849-0.05443769978750907j),(-0.0037511336346836783-0.03042398989194448j),0.0010964979928955129,(0.004541557081985263-0.024013709895564592j)
7.3075,(0.0007898830082980388-0.05441909008749408j),(0.0008673542545306448-0.029809777450528686j),0.0010934411575584026,(-7.747124623260599e-05-0.02460931263696539j)
7.3100000000000005,(0.0007893431233405555-0.05440049310402116j),(-0.003108772052022112-0.029625889843630786j),0.0011413891556451745,(0.0038981151753626677-0.024774603260390375j)
7.3125,(0.0007888037916721327-0.05438190882406319j),(0.00046645842492350654-0.02955637196197303j),0.001237166232508948,(0.0003223453667486262-0.024825536862090162j)
7.315,(0.000788265012537067-0.05436333723461072j),(0.0006617066912808801-0.027777417110803428j),0.0009910298218948138,(0.00012655832125618694-0.02658592012380729j)
7.3175,(0.0007877267851809287-0.054344778322672135j),(-0.003596726649691303-0.022947908021834645j),0.001068368280691384,(0.004384453434872232-0.03139687030083749j)
7.32,(0.0007871891088505353-0.05432623207527357j),(-0.003859292643897342-0.029380873423967488j),0.0013025694967935951,(0.004646481752747877-0.02494535865130608j)
7.3225,(0.0007866519827940809-0.05430769847945874j),(0.0007828606029746728-0.025744444484393655j),0.0013032178276812176,(3.7913798194080806e-06-0.028563253995065083j)
7.325,(0.0007861154062609667-0.05428917752228912j),(0.0019481791618033207-0.026057082996910955j),0.0011250963760672675,(-0.001162063755542354-0.028232094525378167j)
7.327500000000001,(0.0007855793785018346-0.054270669190843834j),(0.00038518953835393443-0.025142014497916212j),0.0012850788962466698,(0.00040038984014790016-0.029128654692927622j)
7.33,(0.0007850438987687445-0.054252173472219514j),(0.00697372231368758-0.02464443013775677j),0.0010544307006789045,(-0.006188678414918836-0.029607743334462745j)
7.3325000000000005,(0.0007845089663148965-0.054233690353530435j),(0.0004984946242625345-0.02613952151412352j),0.001184132332976699,(0.00028601434205236204-0.028094168839406915j)
7.335,(0.0007839745803948089-0.054215219821908404j),(0.003914091080410392-0.026633684159373953j),0.0012434860564636903,(-0.003130116500015583-0.02758153566253445j)
7.3375,(0.0007834407402643042-0.05419676186450271j),(0.007095604701283873-0.027958862299191423j),0.001140475592251225,(-0.006312163961019569-0.026237899565311286j)
7.34,(0.000782907445180398-0.054178316468480175j),(0.0013554892918948788-0.029210057558993478j),0.0011469917714939043,(-0.0005725818467144808-0.024968258909486698j)
7.3425,(0.0007823746944014422-0.05415988362102506j),(-0.0014204388930422489-0.029386611687587504j),0.0010736849212532567,(0.002202813587443691-0.024773271933437552j)
7.345,(0.0007818424871869893-0.054141463309339j),(0.0010874336898531926-0.028880447493865317j),0.0013053331840123823,(-0.0003055912026662034-0.025261015815473683j)
7.3475,(0.0007813108227979237-0.05412305552064109j),(-0.0009853301807036803-0.029258763944318592j),0.0013050253426079067,(0.001766641003501604-0.024864291576322497j)
7.3500000000000005,(0.0007807797004963026-0.054104660242167764j),(-0.0020604116562126197-0.027822890398196704j),0.0009586954705156675,(0.0028411913567089222-0.02628176984397106j)
7.3525,(0.0007802491195454621-0.05408627746117277j),(-0.0020014379791418284-0.02809679439626317j),0.001199494964470818,(0.0027816870986872907-0.0259894830649096j)
7.355,(0.0007797190792100523-0.05406790716492725j),(-4.2599026753692614e-05-0.025260083231462848j),0.0010959698982131124,(0.0008223181059637449-0.028807823933464403j)
7.3575,(0.0007791895787558516-0.054049549340719455j),(0.0014417854410711014-0.028079379916263702j),0.001161341000222304,(-0.0006625958623152498-0.025970169424455753j)
7.36,(0.0007786606174500218-0.05403120397585507j),(0.001513495781807532-0.02476919361286079j),0.0009883298498505975,(-0.0007348351643575102-0.029262010362994282j)
7.3625,(0.0007781321945608732-0.054012871057656855j),(-0.00023392227410679492-0.026239564232847172j),0.000917669012023763,(0.0010120544686676681-0.027773306824809683j)
7.365,(0.0007776043093579859-0.05399455057346486j),(-0.0011775057755338291-0.028847184509221486j),0.001225276323628526,(0.0019551100848918153-0.025147366064243375j)
7.3675,(0.0007770769611121336-0.05397624251063625j),(0.0036894127049577575-0.02841332374126279j),0.0009395157228979602,(-0.002912335743845624-0.025562918769373458j)
7.37,(0.0007765501490954261-0.05395794685654531j),(-0.0009339393091271203-0.031727769945540794j),0.0012812931481509307,(0.0017104894582225464-0.022230176911004512j)
7.3725000000000005,(0.000776023872581103-0.0539396635985834j),(-0.001126481483170166-0.027140281150796634j),0.0012818384089398503,(0.0019025053557512688-0.026799382447786763j)
7.375,(0.0007754981308437136-0.05392139272415907j),(0.002768169982885193-0.024145779332677912j),0.0011207734744840842,(-0.0019926718520414796-0.02977561339148116j)
7.3775,(0.000774972923158979-0.053903134220697785j),(-1.769646747274284e-06-0.02618858007040508j),0.0010829508204226292,(0.0007767425699062533-0.027714554150292704j)
7.38,(0.0007744482488038772-0.05388488807564207j),(0.006786182362336502-0.027739310000633052j),0.0010650899600919783,(-0.006011734113532625-0.026145578075009016j)
7.3825,(0.0007739241070566051-0.053866654276451514j),(-0.002886353867543117-0.033219951801488165j),0.0011322768597413126,(0.003660277974599722-0.02064670247496335j)
7.385,(0.0007734004971965487-0.05384843281060251j),(0.0011409561859912426-0.027902044061900937j),0.0010649627267030333,(-0.0003675556887946939-0.025946388748701574j)
7.3875,(0.000772877418504346-0.0538302236655885j),(0.0004482437667242213-0.02702269661339064j),0.001029371540084116,(0.0003246336517801247-0.02680752705219786j)
7.390000000000001,(0.0007723548702618698-0.05381202682891981j),(0.0028076932164852-0.031031936365417793j),0.0010146446088983463,(-0.00203533834622333-0.022780090463502014j)
7.3925,(0.0007718328517521415-0.05379384228812354j),(-0.0010410898760281509-0.02927908662374983j),0.00105025494222472,(0.0018129227277802924-0.02451475566437371j)
7.3950000000000005,(0.0007713113622594642-0.0537756700307438j),(0.0028529121048632006-0.028941470503148912j),0.0010892919416742957,(-0.0020816007426037366-0.02483419952759489j)
7.3975,(0.0007707904010692964-0.053757510044341386j),(0.0030812252499352556-0.029977861612141186j),0.0010998752876260221,(-0.0023104348488659594-0.0237796484322002j)
7.4,(0.0007702699674683138-0.05373936231649396j),(0.0020509716213160433-0.024515116266025445j),0.0010532337960641564,(-0.0012807016538477294-0.029224246050468517j)
7.4025,(0.0007697500607444273-0.05372122683479584j),(-0.001964583639797639-0.03010492523824612j),0.0009765822412850672,(0.0027343337005420664-0.023616301596549722j)
7.405,(0.0007692306801867015-0.05370310358685819j),(0.002804636628471845-0.026680662767930314j),0.0012567794309574231,(-0.0020354059482851437-0.027022440818927875j)
7.4075,(0.000768711825085444-0.05368499256030876j),(-0.00010909783036962186-0.02452743503107222j),0.0011618246473965898,(0.0008778096554550659-0.029157557529236537j)
7.41,(0.0007681934947321246-0.05366689374279213j),(-0.0005714461537869501-0.025808220013118454j),0.0010795430943711566,(0.0013396396485190747-0.027858673729673673j)
7.4125000000000005,(0.0007676756884194278-0.05364880712196935j),(-0.0005900399062290601-0.027226691242052476j),0.000966561997273378,(0.0013577155946484878-0.026422115879916875j)
7.415,(0.0007671584054412186-0.053630732685518205j),(0.0012410293410595422-0.027384063546979732j),0.0010793879801543988,(-0.00047387093561832364-0.026246669138538473j)
7.4175,(0.0007666416450925398-0.05361267042113307j),(-0.0018097468323084204-0.023624993335284575j),0.0011137759170857884,(0.00257638847740096-0.029987677085848492j)
7.42,(0.0007661254066696559-0.05359462031652478j),(-0.0029510811243576365-0.02704903984919151j),0.0010556350180433325,(0.0037172065310272923-0.026545580467333272j)
7.4225,(0.0007656096894699706-0.05357658235942082j),(-0.0005972464910551092-0.029573120381814286j),0.001012047977454173,(0.0013628561805250797-0.02400346197760653j)
7.425,(0.0007650944927921055-0.053558556537565104j),(0.0004664296277965889-0.028319550018510574j),0.0009089353006103369,(0.00029866486499551665-0.02523900651905453j)
7.4275,(0.0007645798159358766-0.0535405428387181j),(-0.001684352867787426-0.02762009114408395j),0.0011248830169012056,(0.002448932683723303-0.02592045169463415j)
7.43,(0.0007640656582022058-0.0535225412506566j),(-0.0018302239867756243-0.02959294067945016j),0.0012424167257985529,(0.0025942896449778303-0.02392960057120644j)
7.4325,(0.0007635520188932666-0.053504551761173996j),(0.002383002292809472-0.024012646124010693j),0.0011153864357625692,(-0.0016194502739162054-0.029491905637163304j)
7.4350000000000005,(0.0007630388973123222-0.05348657435807991j),(0.00516397327764761-0.02786175935850703j),0.001051872188795436,(-0.004400934380335288-0.02562481499957288j)
7.4375,(0.0007625262927639052-0.0534686090292004j),(0.00163796247745168-0.03128718502965968j),0.0010041477903980755,(-0.0008754361846877748-0.02218142399954072j)
7.44,(0.0007620142045536496-0.05345065576237794j),(0.0025294749942000763-0.023346835615476118j),0.0010813931475986483,(-0.0017674607896464266-0.03010382014690182j)
7.4425,(0.0007615026319883566-0.05343271454547117j),(0.002921271930808155-0.026801678004226705j),0.0010450694261749669,(-0.0021597692988197985-0.026631036541244463j)
7.445,(0.0007609915743760198-0.053414785366355085j),(-0.0019424457097199821-0.02877689396991188j),0.001224777204855011,(0.002703437284096002-0.024637891396443203j)
7.4475,(0.0007604810310257519-0.05339686821292101j),(-0.001634917409042239-0.024842744166880572j),0.0011408476848393074,(0.0023953984400679907-0.028554124046040436j)
7.45,(0.0007599710012478751-0.05337896307307637j),(-0.0033524277155229944-0.027312754177729163j),0.001171405947520694,(0.00411239871677087-0.02606620889534721j)
7.452500000000001,(0.0007594614843538625-0.053361069934744904j),(-0.00020998225035014117-0.027847100612343578j),0.0009823996182513962,(0.0009694437347040036-0.025513969322401325j)
7.455,(0.0007589524796562393-0.05334318878586643j),(0.0025052034000661917-0.0281777150116694j),0.0011122826350174974,(-0.0017462509204099522-0.025165473774197027j)
7.4575000000000005,(0.0007584439864688442-0.05332531961439702j),(-0.002028064210138649-0.02485154460439244j),0.001013334167106049,(0.0027865081966074933-0.028473775010004584j)
7.46,(0.0007579360041065399-0.0533074624083088j),(-0.002148701338504292-0.023268829325589612j),0.0012163871099326732,(0.002906637342610832-0.03003863308271919j)
7.4625,(0.0007574285318854031-0.05328961715559001j),(0.0009777126073785844-0.02280500185571789j),0.0011128297671013396,(-0.00022028407549318132-0.03048461529987212j)
7.465,(0.000756921569122603-0.053271783844244955j),(0.0015840796530107774-0.026404949251990502j),0.001180681591454021,(-0.0008271580838881743-0.026866834592254453j)
7.4675,(0.000756415115136471-0.053253962462293976j),(-0.00239324702557678-0.02350915686614539j),0.0010531953905116766,(0.003149662140713251-0.029744805596148585j)
7.47,(0.0007559091692465344-0.05323615299777347j),(0.0024314782306048893-0.02727393769516653j),0.0010477596648167473,(-0.001675569061358355-0.02596221530260694j)
7.4725,(0.0007554037307733596-0.053218355438735765j),(-0.0012586832289487055-0.02590550270424492j),0.001169835718342139,(0.002014086959722065-0.027312852734490845j)
7.4750000000000005,(0.0007548987990387055-0.053200569773249204j),(0.003096250368297459-0.02603948128491j),0.0011090280519069121,(-0.0023413515692587536-0.027161088488339202j)
7.4775,(0.0007543943733654606-0.053182795989398j),(0.0019211262574343024-0.02890709215468214j),0.0012745301970337297,(-0.0011667318840688418-0.024275703834715858j)
7.48,(0.0007538904530776443-0.05316503407528237j),(-0.0026728735500162145-0.026439996658370886j),0.0011383631689838223,(0.003426764003093859-0.026725037416911485j)
7.4825,(0.0007533870375003769-0.05314728401901831j),(0.0019465533486302431-0.027547441714602834j),0.0011220334453026567,(-0.001193166311129866-0.025599842304415477j)
7.485,(0.0007528841259599522-0.05312954580873773j),(-0.0006663792709988161-0.02169250642570107j),0.001129424863971992,(0.0014192633969587684-0.03143703938303666j)
7.4875,(0.0007523817177837516-0.05311181943258836j),(-0.0014067670448429958-0.02885220953722278j),0.0010508575160317337,(0.0021591487626267474-0.024259609895365578j)
7.49,(0.0007518798123002903-0.053094104878733756j),(-0.0008896055861830852-0.023837410226193786j),0.0011265371605105746,(0.0016414853984833755-0.02925669465253997j)
7.4925,(0.000751378408839201-0.05307640213535317j),(0.006706382380749791-0.021910895199492263j),0.0012035774040752218,(-0.005955003971910591-0.031165506935860905j)
7.495,(0.0007508775067312133-0.05305871119064175j),(-0.003392672274529962-0.024489989141161572j),0.0012759577746430687,(0.004143549781261175-0.028568722049480175j)
7.4975000000000005,(0.000750377105308205-0.05304103203281021j),(0.002035543607072937-0.021894915751221152j),0.0012609653996873216,(-0.001285166501764732-0.031146116281589056j)
7.5,(0.0007498772039031571-0.053023364650085024j),(0.0010685243912139481-0.02571959233484217j),0.0011846786816458324,(-0.00031864718731079104-0.027303772315242853j)
7.5025,(0.0007493778018501397-0.053005709030708385j),(0.003886374597010819-0.024930388327938143j),0.0010559297010986734,(-0.003136996795160679-0.028075320702770242j)
7.505,(0.0007488788984843561-0.052988065162938094j),(0.00042995974460027764-0.026488453980835772j),0.0010622314349225325,(0.0003189191538840784-0.026499611182102322j)
7.5075,(0.0007483804931421171-0.05297043303504753j),(0.0031697045479262913-0.027975707549350803j),0.0013207131492546057,(-0.0024213240547841745-0.024994725485696728j)
7.51,(0.0007478825851608178-0.05295281263532573j),(0.00626089183012157-0.026010111582422883j),0.0010707315502197024,(-0.005513009244960752-0.026942701052902848j)
7.5125,(0.0007473851738789571-0.052935203952077285j),(0.005278875270710266-0.025404599741585532j),0.001021857883153406,(-0.0045314900968313095-0.027530604210491753j)
7.515000000000001,(0.0007468882586361719-0.05291760697362229j),(-0.002583787222516207-0.026492187509660703j),0.0011699534690961296,(0.0033306754811523787-0.02642541946396159j)
7.5175,(0.0007463918387731297-0.05290002168829639j),(0.004898859433101914-0.026698223330081598j),0.0009454750394444634,(-0.004152467594328784-0.026201798358214793j)
7.5200000000000005,(0.000745895913631633-0.05288244808445074j),(-0.000254787500526435-0.026912694941704j),0.0010065717407843156,(0.0010006834141580681-0.025969753142746736j)
7.5225,(0.0007454004825545575-0.05286488615045191j),(0.0032181271219060828-0.027570926166351636j),0.0010935910913376214,(-0.0024727266393515255-0.02529395998410027j)
7.525,(0.0007449055448859332-0.05284733587468193j),(-0.002842955323224267-0.027628555322968738j),0.0009842695308832593,(0.0035878608681102-0.025218780551713196j)
7.5275,(0.0007444110999707896-0.05282979724553826j),(0.0007852749143142085-0.026833528026350088j),0.0010721778591766332,(-4.08638143434189e-05-0.025996269219188173j)
7.53,(0.0007439171471552843-0.05281227025143375j),(-0.0011351613640076883-0.026975469887403593j),0.0011423092272214413,(0.0018790785111629728-0.025836800364030157j)
7.5325,(0.0007434236857866637-0.05279475488079654j),(-4.166845345598337e-05-0.023868971736516555j),0.0012724408691951502,(0.0007850921392426471-0.028925783144279984j)
7.535,(0.0007429307152132398-0.052777251122070205j),(-0.0006454051108259776-0.0266643241915868j),0.0011167439987029883,(0.0013883358260392174-0.026112926930483404j)
7.5375000000000005,(0.0007424382347844353-0.052759758963713634j),(0.0024606271643080476-0.025519727219376613j),0.00114419768450055,(-0.0017181889295236124-0.02724003174433702j)
7.54,(0.0007419462438507088-0.05274227839420088j),(0.0017731610074605878-0.023733815761258607j),0.0009971289772728914,(-0.001031214763609879-0.02900846263294227j)
7.5425,(0.0007414547417636035-0.052724809402021386j),(-0.0009726466056097182-0.02814860513929458j),0.0011700586368906828,(0.0017141013473733215-0.024576204262726806j)
7.545,(0.000740963727875789-0.052707351975679724j),(0.003947769768948842-0.02722911046344184j),0.0012241488376721215,(-0.0032068060410730534-0.025478241512237883j)
7.5475,(0.0007404732015409236-0.052689906103695845j),(9.523709397840204e-05-0.02742089316543328j),0.0011048737195371089,(0.0006452361075625215-0.025269012938262565j)
7.55,(0.0007399831621137857-0.05267247177460465j),(0.003180539886843818-0.02314770781501648j),0.0012053361622352164,(-0.0024405567247300325-0.02952476395958817j)
7.5525,(0.0007394936089502212-0.05265504897695638j),(0.004834462871050088-0.025407610668743908j),0.0013425261653978715,(-0.004094969262099867-0.02724743830821247j)
7.555,(0.0007390045414071255-0.05263763769931636j),(-0.0031488697167725-0.025802478399701845j),0.0013134922839214678,(0.0038878742581796256-0.026835159299614518j)
7.5575,(0.0007385159588424549-0.05262023793026504j),(0.0012479640521068434-0.02438247109649678j),0.0011704201610913511,(-0.0005094480932643885-0.02823776683376826j)
7.5600000000000005,(0.000738027860615212-0.052602849658397885j),(0.0028396241979680432-0.022616878557226425j),0.0010598475882438692,(-0.0021015963373528313-0.02998597110117146j)
7.5625,(0.000737540246085516-0.05258547287232551j),(-0.0008761459003971559-0.022738847838335664j),0.0009554821453107884,(0.001613686146482672-0.029846625033989847j)
7.565,(0.0007370531146144827-0.05256810756067354j),(-0.0042912373531415835-0.026990983706884415j),0.0013034312555129884,(0.005028290467756066-0.025577123853789123j)
7.5675,(0.0007365664655643039-0.05255075371208255j),(0.0022865410369928107-0.023631096336083998j),0.0011481016766959021,(-0.001549974571428507-0.028919657375998553j)
7.57,(0.0007360802982982248-0.05253341131520818j),(-0.0030277686488012104-0.025486581941913698j),0.001151742341315294,(0.003763848947099435-0.027046829373294484j)
7.5725,(0.0007355946121805513-0.052516080358720976j),(-0.0011168921861612504-0.0251057931217172j),0.0011846958757399928,(0.0018524867983418017-0.027410287237003776j)
7.575,(0.0007351094065766269-0.05249876083130651j),(0.0019030149469066503-0.02537657138094941j),0.0011758008928054512,(-0.0011679055403300232-0.027122189450357097j)
7.577500000000001,(0.0007346246808528408-0.05248145272166513j),(-0.0026630563642865237-0.023261436879635423j),0.0012348084638965423,(0.0033976810451393645-0.029220015842029705j)
7.58,(0.0007341404343765814-0.05246415601851219j),(0.0030500124833591573-0.021286336801380683j),0.0010725647126395468,(-0.002315872048982576-0.031177819217131506j)
7.5825000000000005,(0.0007336566665163838-0.05244687071057781j),(0.0012112818510365503-0.02248206883567061j),0.0009762445338189733,(-0.0004776251845201665-0.0299648018749072j)
7.585,(0.0007331733766417104-0.05242959678660706j),(0.004129962547542327-0.028991578898083202j),0.0009376127272256597,(-0.0033967891709006165-0.023438017888523857j)
7.5875,(0.000732690564123143-0.05241233423535973j),(0.0021373139109141575-0.026133248610880226j),0.0009288392126450302,(-0.0014046233467910146-0.026279085624479503j)
7.59,(0.0007322082283322903-0.05239508304561042j),(-0.0008936233595148878-0.027058016550261806j),0.0010034636889469483,(0.001625831587847178-0.025337066495348615j)
7.5925,(0.0007317263686417049-0.05237784320614855j),(0.002937197608321389-0.02587103231685816j),0.001368890435385852,(-0.0022054712396796837-0.02650681088929039j)
7.595,(0.0007312449844251132-0.052360614705778234j),(0.003458419796224311-0.024059005426569084j),0.0009585595215348234,(-0.002727174811799198-0.02830160927920915j)
7.5975,(0.0007307640750571693-0.052343397533318244j),(0.001291943430992712-0.02413837183666626j),0.0009244892848520948,(-0.0005611793559355427-0.028205025696651984j)
7.6000000000000005,(0.0007302836399135602-0.0523261916776022j),(-0.0004231754989820281-0.02833637160137265j),0.0011241850227008228,(0.0011534591388955883-0.02398982007622955j)
7.6025,(0.0007298036783710592-0.05230899712747825j),(0.004041785073118765-0.024673548784043757j),0.0012955938671647602,(-0.003311981394747706-0.027635448343434496j)
7.605,(0.0007293241898074099-0.05229181387180924j),(-0.000541702377714315-0.021690226407823917j),0.000978078631966693,(0.001271026567521725-0.030601587463985325j)
7.6075,(0.0007288451736013705-0.052274641899472646j),(-0.003912009674201455-0.02713107881457659j),0.0011642761980756576,(0.004640854847802826-0.025143563084896056j)
7.61,(0.0007283666291327819-0.05225748119936052j),(0.0007714115688362295-0.026084679777388712j),0.0010488939507399759,(-4.3044939703447546e-05-0.02617280142197181j)
7.6125,(0.0007278885557824379-0.05224033176037947j),(-0.0002397011913534368-0.02205412828393242j),0.0011107968750934307,(0.0009675897471358747-0.03018620347644705j)
7.615,(0.0007274109529321663-0.052223193571450756j),(0.0026434107795584756-0.022488720270326428j),0.0011930238033742012,(-0.0019159998266263093-0.029734473301124328j)
7.6175,(0.000726933819964824-0.05220606662150999j),(0.001493392979375531-0.02329028676281012j),0.0009234678613863793,(-0.000766459159410707-0.02891577985869987j)
7.62,(0.0007264571562642764-0.052188950899507466j),(-0.0006149865322095847-0.022400549653643163j),0.0013054441068843206,(0.0013414436884738611-0.029788401245864304j)
7.6225000000000005,(0.0007259809612153918-0.05217184639440782j),(-0.0015783873191769304-0.01718867911062295j),0.0013146632199653432,(0.0023043682803923224-0.034983167283784866j)
7.625,(0.0007255052342040308-0.05215475309519021j),(-0.00023450382387916823-0.027266268731007272j),0.0011034544325510586,(0.000960009058083199-0.024888484364182936j)
7.6275,(0.0007250299746170779-0.05213767099084817j),(0.0019585261247763693-0.020399357305815893j),0.0012855467472801154,(-0.0012334961501592914-0.03173831368503228j)
7.63,(0.0007245551818424069-0.05212060007038974j),(0.0012133774802876199-0.02433982649764798j),0.0012771817668251213,(-0.000488822298445213-0.02778077357274176j)
7.6325,(0.0007240808552689228-0.05210354032283722j),(-0.0003217366701897158-0.023235179779659512j),0.001023445625142768,(0.0010458175254586385-0.028868360543177707j)
7.635,(0.0007236069942865282-0.052086491737227354j),(-0.000374520090079819-0.02264304705291847j),0.0012258565694483656,(0.0010981270843663472-0.029443444684308883j)
7.6375,(0.0007231335982860623-0.05206945430261122j),(0.0016912505874812096-0.015700403012179016j),0.0011007864295912969,(-0.0009681169891951472-0.036369051290432206j)
7.640000000000001,(0.0007226606666594148-0.05205242800805413j),(-0.004330846291852586-0.021512864127192104j),0.001164884312007304,(0.005053506958512001-0.030539563880862028j)
7.6425,(0.0007221881987994794-0.052035412842635805j),(0.0004813432594757107-0.024277424030205136j),0.001044287814069398,(0.0002408449393237687-0.02775798881243067j)
7.6450000000000005,(0.0007217161941000921-0.05201840879545009j),(0.000417171042378119-0.024713532688696655j),0.0010670529564739176,(0.00030454515172197307-0.027304876106753435j)
7.6475,(0.0007212446519561486-0.05200141585560525j),(-0.003446990478226526-0.023167557914100724j),0.0011772672886138547,(0.004168235130182675-0.028833857941504525j)
7.65,(0.0007207735717634481-0.05198443401222357j),(-0.002900005862709851-0.02693563024897077j),0.0012690408036501947,(0.0036207794344732987-0.025048803763252803j)
7.6525,(0.0007203029529188574-0.05196746325444171j),(0.005849008664715401-0.027735416730596582j),0.0009090885029712488,(-0.0051287057117965435-0.024232046523845127j)
7.655,(0.0007198327948201567-0.051950503571410386j),(-0.002861323378127359-0.021375924709268405j),0.0012414019306440465,(0.003581156172947516-0.03057457886214198j)
7.6575,(0.0007193630968661539-0.051933554952294465j),(0.0025433473152102286-0.02823702408387857j),0.0008191626440794497,(-0.0018239842183440749-0.023696530868415895j)
7.66,(0.0007188938584566381-0.051916617386273047j),(-0.002632024732794316-0.021262949281157368j),0.0011005622500186339,(0.003350918591250954-0.03065366810511568j)
7.6625000000000005,(0.0007184250789923416-0.05189969086253922j),(0.004029111068352879-0.02257029566809971j),0.001135626842586112,(-0.0033106859893605373-0.029329395194439507j)
7.665,(0.0007179567578749746-0.051882775370300234j),(0.0009603250619276534-0.020609586465065326j),0.0011630251065638626,(-0.00024236830405267873-0.03127318890523491j)
7.6675,(0.0007174888945073024-0.05186587089877732j),(0.002938900831980829-0.019544840507129933j),0.0011529676830051637,(-0.0022214119374735267-0.03232103039164738j)
7.67,(0.0007170214882929499-0.05184897743720583j),(-0.003472843948642019-0.027591938260856527j),0.0012945375749458163,(0.004189865436934968-0.024257039176349304j)
7.6725,(0.0007165545386365597-0.05183209497483507j),(0.002247886041733409-0.024432912729905727j),0.0010762270236207986,(-0.0015313315030968493-0.027399182244929342j)
7.675,(0.0007160880449438027-0.051815223500928306j),(0.00024728046243714294-0.0224247839945614j),0.0013001944162023568,(0.0004688075825066598-0.029390439506366908j)
7.6775,(0.0007156220066212047-0.051798363004762905j),(0.002419057430909833-0.02315330206356289j),0.000974640552709028,(-0.0017034354242886282-0.028645060941200014j)
7.68,(0.0007151564230763496-0.05178151347562998j),(0.0026616841025174994-0.023532532293324093j),0.0009687094401882369,(-0.0019465276794411498-0.02824898118230589j)
7.6825,(0.0007146912937177313-0.05176467490283475j),(6.899494334110977e-05-0.022756554976962395j),0.0010457436837759025,(0.0006456963503766215-0.029008119925872353j)
7.6850000000000005,(0.0007142266179548187-0.05174784727569623j),(0.0032411831326446916-0.026711013147974492j),0.001047509156426977,(-0.0025269565146898727-0.025036834127721737j)
7.6875,(0.0007137623951980439-0.05173103058354734j),(0.002409512970973603-0.023097856801698142j),0.0010768045351043404,(-0.0016957505757755592-0.028633173781849198j)
7.69,(0.0007132986248588231-0.05171422481573484j),(-0.0011439966715506757-0.022911883714338072j),0.0009363559025023807,(0.0018572952964094989-0.028802341101396765j)
7.6925,(0.0007128353063494753-0.05169742996161936j),(0.0011105614142445557-0.021773236721188426j),0.0010662752748663744,(-0.0003977261078950804-0.02992419324043093j)
7.695,(0.0007123724390832886-0.051680646010575294j),(0.0014236787414031887-0.02036105388094884j),0.0011689155006297679,(-0.0007113063023199001-0.031319592129626456j)
7.6975,(0.0007119100224745419-0.051663872951990826j),(0.0035776818465039803-0.024244373192937495j),0.0010692824139424296,(-0.0028657718240294385-0.02741949975905333j)
7.7,(0.0007114480559384246-0.051647110775267936j),(0.00021494038087123911-0.0263892239858764j),0.0009675919762879893,(0.0004965076750671855-0.025257886789391535j)
7.702500000000001,(0.0007109865388910784-0.05163035946982232j),(0.0007277651832618112-0.02403695555013563j),0.0013023065702704448,(-1.6778644370732832e-05-0.02759340391968669j)
7.705,(0.0007105254707496083-0.05161361902508336j),(-0.002152444144296301-0.02794627778434178j),0.0011396387704720593,(0.002862969615045909-0.023667341240741577j)
7.7075000000000005,(0.0007100648509320487-0.051596889430494244j),(-0.0022740766915877626-0.02328679783832892j),0.0009377990151132053,(0.0029841415425198112-0.028310091592165323j)
7.71,(0.0007096046788573812-0.05158017067551173j),(0.0014106430909751433-0.02024914290491973j),0.001188249704580848,(-0.0007010384121177621-0.031331027770592004j)
7.7125,(0.0007091449539455353-0.05156346274960628j),(0.0002968470928845784-0.02483556358579381j),0.0010446350262852822,(0.0004122978610609569-0.026727899163812466j)
7.715,(0.0007086856756173631-0.05154676564226191j),(-0.0011147882675311932-0.019777964117436975j),0.0010912743908719736,(0.0018234739431485561-0.03176880152482493j)
7.7175,(0.0007082268432946741-0.05153007934297642j),(-0.0014431123388047502-0.023333103577086574j),0.0010600288581841743,(0.0021513391820994245-0.028196975765889844j)
7.72,(0.0007077684564002071-0.051513403841260984j),(0.0006981564359586992-0.02395499733621242j),0.0011290550259898517,(9.612020441507958e-06-0.027558406505048563j)
7.7225,(0.0007073105143575978-0.05149673912664048j),(0.005806594658290828-0.02355668115870628j),0.0011562569629275656,(-0.005099284143933231-0.027940057967934202j)
7.7250000000000005,(0.0007068530165914791-0.0514800851886533j),(0.0037088826084512487-0.024120712548133225j),0.0012423286881881523,(-0.0030020295918597698-0.027359372640520078j)
7.7275,(0.0007063959625273751-0.05146344201685133j),(-0.00220446384369461-0.02591915374952083j),0.001188703152858413,(0.002910859806221985-0.0255442882673305j)
7.73,(0.0007059393515917482-0.05144680960079996j),(-0.0029041603206084354-0.02325469187639221j),0.001156118887169194,(0.003610099672200184-0.02819211772440775j)
7.7325,(0.0007054831832119727-0.05143018793007812j),(-0.0002719327513306361-0.02587825810599465j),0.0011303385703946142,(0.0009774159345426088-0.025551929824083473j)
7.735,(0.0007050274568163674-0.051413576994278065j),(0.0018348784811865507-0.02328572554054363j),0.0010221706164416596,(-0.0011298510243701832-0.028127851453734434j)
7.7375,(0.0007045721718341733-0.0513969767830056j),(0.0019391902120806145-0.024256956135474274j),0.001037491307846513,(-0.0012346180402464412-0.027140020647531328j)
7.74,(0.0007041173276955159-0.05138038728587993j),(-0.0024549114676511515-0.02384068377717951j),0.001215668532541771,(0.0031590287953466674-0.02753970350870042j)
7.742500000000001,(0.0007036629238314732-0.05136380849253363j),(0.002126033355697091-0.024233818086947693j),0.0012491694945253216,(-0.0014223704318656178-0.027129990405585936j)
7.745,(0.0007032089596740729-0.05134724039261257j),(0.0010320034221133411-0.02173322942521689j),0.0009367272081085073,(-0.0003287944624392682-0.02961401096739568j)
7.7475000000000005,(0.0007027554346561566-0.05133068297577612j),(0.0011160266112300477-0.021858363247964672j),0.0012362225691654244,(-0.00041327117657389114-0.02947231972781145j)
7.75,(0.000702302348211569-0.05131413623169684j),(-0.002150954261910281-0.021749163460544896j),0.0010143356216264247,(0.00285325661012185-0.029564972771151943j)
7.7525,(0.0007018496997750909-0.051297600150060685j),(-0.0020661979706147675-0.025219978803283367j),0.0009756248159974467,(0.0027680476703898583-0.026077621346777317j)
7.755,(0.0007013974887822987-0.05128107472056681j),(-0.0005776955113194965-0.02647911228952628j),0.0010522617039386273,(0.0012790930001017951-0.02480196243104053j)
7.7575,(0.0007009457146697585-0.05126455993292773j),(0.001642913025806082-0.023002158119312825j),0.0011403553190402836,(-0.0009419673111363236-0.028262401813614904j)
7.76,(0.000700494376874955-0.051248055776869125j),(-0.003995637237109194-0.02222339825911179j),0.0010698331536652917,(0.004696131613984149-0.029024657517757336j)
7.7625,(0.0007000434748362334-0.05123156224212993j),(-0.00044258082152113647-0.022030272395724696j),0.0009512017446859215,(0.00114262429635737-0.029201289846405232j)
7.765000000000001,(0.0006995930079928552-0.05121507931846223j),(0.0026145385597322757-0.019327363599647297j),0.0010555687658785292,(-0.0019149455517394206-0.031887715718814935j)
7.7675,(0.0006991429757849959-0.05119860699563134j),(-0.001719873016426599-0.022135229724505087j),0.0009361252492159902,(0.002419015992211595-0.029063377271126255j)
7.7700000000000005,(0.0006986933776537002-0.05118214526341573j),(0.0034130853652717392-0.02282688640485507j),0.000946830862228446,(-0.002714391987618039-0.02835525885856066j)
7.7725,(0.0006982442130409461-0.05116569411160701j),(0.004171144706090153-0.020254949687945827j),0.0011732355153680687,(-0.003472900493049207-0.030910744423661186j)
7.775,(0.0006977954813896332-0.05114925353000983j),(-7.376336977972788e-06-0.025501230942534696j),0.0009322276750511601,(0.000705171818367606-0.025648022587475137j)
7.7775,(0.0006973471821434453-0.05113282350844201j),(0.0011144980697079217-0.02114132659038392j),0.0010486445522415349,(-0.0004171508875644765-0.02999149691805809j)
7.78,(0.0006968993147470872-0.051116404036734404j),(0.0033247664773287957-0.019220259786573074j),0.0010626161653635592,(-0.0026278671625817084-0.03189614425016133j)
7.7825,(0.0006964518786460784-0.05109999510473091j),(0.003920367034865984-0.01931198465782854j),0.001244382324135289,(-0.003223915156219906-0.03178801044690237j)
7.785,(0.0006960048732868551-0.05108359670228851j),(0.0023840123263312806-0.022357428960103433j),0.0011200170105756606,(-0.0016880074530444254-0.028726167742185074j)
7.7875000000000005,(0.0006955582981167336-0.051067208819277156j),(0.0015168942158777826-0.02272716775736319j),0.0014048523738892905,(-0.000821335917761049-0.028340041061913967j)
7.79,(0.00069511215258392-0.05105083144557978j),(0.003203529236679279-0.0207639247671667j),0.0011167745860728789,(-0.002508417084095359-0.030286906678413078j)
7.7925,(0.0006946664361374868-0.05103446457109226j),(9.715569550607546e-05-0.02382499783429614j),0.0010595462723526012,(0.0005975107406314113-0.02720946673679612j)
7.795,(0.0006942211482274286-0.051018108185723485j),(-0.00017688468442684464-0.02306945096629853j),0.000999377519142578,(0.0008711058326542732-0.027948657219424956j)
7.7975,(0.0006937762883045685-0.05100176227939521j),(-0.003224006533443887-0.020495851347956905j),0.0010907710184871239,(0.003917782821748456-0.030505910931438302j)
7.8,(0.0006933318558206828-0.05098542684204212j),(-0.0013032500713280788-0.021428080565860735j),0.0010922588748746359,(0.0019965819271487617-0.02955734627618138j)
7.8025,(0.0006928878502283295-0.050969101863611796j),(-0.0006726924685639765-0.021256402159401038j),0.0011360435791691582,(0.0013655803187923058-0.029712699704210758j)
7.805000000000001,(0.0006924442709810158-0.0509527873340647j),(0.002431550596069808-0.02241611962912279j),0.001200146036342319,(-0.001739106325088792-0.02853666770494191j)
7.8075,(0.0006920011175331064-0.05093648324337405j),(0.004158740741862865-0.01970738051573045j),0.0011736510241096346,(-0.0034667396243297584-0.031229102727643596j)
7.8100000000000005,(0.0006915583893398461-0.05092018958152597j),(0.0020927609998542232-0.02466289612112579j),0.001308136905654908,(-0.0014012026105143772-0.02625729346040018j)
7.8125,(0.000691116085857299-0.050903906338519336j),(0.0028699473835176975-0.02257151502676434j),0.0012099096778729703,(-0.0021788312976603985-0.028332391311754995j)
7.815,(0.0006906742065424643-0.050887633504365856j),(-0.0012031037364195034-0.01945217322204687j),0.0010419595940503166,(0.0018937779429619678-0.031435460282318986j)
7.8175,(0.0006902327508531689-0.050871371069089955j),(0.0005912969113884573-0.02542892187600096j),0.0012737985532970788,(9.893583946471158e-05-0.025442449193088995j)
7.82,(0.0006897917182481147-0.050855119022728844j),(8.258130960839896e-06-0.02438426582788163j),0.0010671078450112158,(0.0006815335872872748-0.026470853194847214j)
7.8225,(0.000689351108186908-0.05083887735533237j),(0.0010135562780294051-0.017462572480561326j),0.0011581061420365443,(-0.0003242051698424971-0.03337630487477104j)
7.825,(0.0006889109201299366-0.05082264605696317j),(0.003988617043719267-0.02420174612847568j),0.0010819997710688144,(-0.00329970612358933-0.026620899928487488j)
7.827500000000001,(0.0006884711535384912-0.05080642511769653j),(-0.002379338907926138-0.022400329011844737j),0.001302174568515069,(0.003067810061464629-0.02840609610585179j)
7.83,(0.0006880318078747646-0.05079021452762038j),(0.0029106767986062506-0.02396854516410107j),0.001010817690733413,(-0.002222644990731486-0.026821669363519308j)
7.8325000000000005,(0.0006875928826017249-0.05077401427683529j),(0.000661488409769654-0.02005016544562999j),0.0011754324180873598,(2.6104472832070907e-05-0.0307238488312053j)
7.835,(0.0006871543771832627-0.05075782435545446j),(0.0018702903508230934-0.02093622070444923j),0.0009773498737277143,(-0.0011831359736398307-0.029821603651005228j)
7.8375,(0.000686716291084099-0.050741644753603724j),(0.0025030666871836992-0.0183498183996224j),0.0011261409833171066,(-0.0018163503960996002-0.03239182635398132j)
7.84,(0.0006862786237697934-0.050725475461421414j),(-0.0003367611129801943-0.021306591305410315j),0.0012452639575545497,(0.0010230397367499877-0.0294188841560111j)
7.8425,(0.0006858413747067678-0.050709316469058505j),(-0.0010918254757108117-0.022390985617343772j),0.0010632311232914916,(0.0017776668504175795-0.028318330851714733j)
7.845,(0.0006854045433623261-0.050693167766678475j),(-0.0006341180009677679-0.020004408989979836j),0.0012078927132728355,(0.001319522544330094-0.03068875877669864j)
7.8475,(0.0006849681292045396-0.050677029344457274j),(0.0012908961880997943-0.019988787278900327j),0.001047052766643405,(-0.0006059280588952547-0.030688242065556946j)
7.8500000000000005,(0.0006845321317024053-0.05066090119258341j),(-0.0012960183951850036-0.023602427054645384j),0.0012980819721523575,(0.001980550526887409-0.027058474137938025j)
7.8525,(0.0006840965503257424-0.0506447833012579j),(0.002116081871051288-0.02166284456688542j),0.0011157211660660373,(-0.0014319853207255457-0.028981938734372478j)
7.855,(0.0006836613845451779-0.05062867566069411j),(0.0006361505056255571-0.023176898443775223j),0.0008825501604602848,(4.751087891962085e-05-0.027451777216918886j)
7.8575,(0.0006832266338322609-0.05061257826111797j),(0.0037248202860312636-0.021994343571570266j),0.0010176148215495554,(-0.0030415936521990027-0.028618234689547706j)
7.86,(0.000682792297659268-0.05059649109276779j),(-0.0031252384491537804-0.018939295767523574j),0.0011066702361885348,(0.0038080307468130485-0.03165719532524421j)
7.8625,(0.0006823583754994146-0.05058041414589416j),(-0.004995618865619667-0.019882473308873265j),0.0011710257174631638,(0.005677977241119082-0.030697940837020897j)
7.865,(0.0006819248668266782-0.05056434741076028j),(0.0009851297912212204-0.023082504920245245j),0.001172999966761701,(-0.0003032049243945422-0.027481842490515038j)
7.867500000000001,(0.0006814917711159373-0.0505482908776415j),(0.0011381161560089653-0.01986074517921864j),0.001248154552079905,(-0.000456624384893028-0.030687545698422858j)
7.87,(0.0006810590878428511-0.05053224453682564j),(-0.0014007848084029006-0.023159493793386034j),0.0011898867376566916,(0.0020818438962457515-0.02737275074343961j)
7.8725000000000005,(0.0006806268164839226-0.05051620837861276j),(-0.0032739776582645062-0.01923187499014675j),0.0012471063325914613,(0.0039546044747484285-0.03128433338846601j)
7.875,(0.000680194956516533-0.05050018239331528j),(0.0011439538843293021-0.01935542168340381j),0.0011907446823830586,(-0.0004637589278127691-0.03114476070991147j)
7.8775,(0.0006797635074187936-0.05048416657125789j),(-0.0009767465792384958-0.022790165654583798j),0.001098448672688621,(0.0016565100866572893-0.027694000916674094j)
7.88,(0.0006793324686697688-0.05046816090277754j),(0.0015252249213565917-0.026068546774546803j),0.001479931744027247,(-0.0008458924526868228-0.024399614128230735j)
7.8825,(0.0006789018397492277-0.05045216537822339j),(6.211538970926628e-05-0.02212697283322968j),0.001355921934504263,(0.0006167864500399615-0.02832519254499371j)
7.885,(0.000678471620137846-0.05043617998795689j),(0.0007494333687147672-0.020271496624661205j),0.0012611875212181932,(-7.096174857692129e-05-0.030164683363295683j)
7.8875,(0.0006780418093170907-0.05042020472235163j),(-0.001905799643932092-0.023590796349708138j),0.001064676445203036,(0.002583841453249183-0.026829408372643495j)
7.890000000000001,(0.0006776124067691987-0.05040423957179346j),(-0.0004958469353433852-0.018588631638841554j),0.0012250429564506853,(0.0011734593421125839-0.031815607932951906j)
7.8925,(0.0006771834119773853-0.05038828452668031j),(0.0029031971869470565-0.01820579067559808j),0.001207364952660819,(-0.002226013774969671-0.032182493851082225j)
7.8950000000000005,(0.0006767548244254651-0.05037233957742229j),(-0.0028159808122085036-0.021368880433398966j),0.0011935381924106138,(0.003492735636633969-0.029003459144023327j)
7.8975,(0.0006763266435982523-0.05035640471444169j),(0.0003840332494354704-0.0215463816973988j),0.0010140235929703418,(0.00029229339416278184-0.02881002301704289j)
7.9,(0.0006758988689812909-0.050340479928172845j),(-0.0032383566551770922-0.023045800111474612j),0.0012100661198710886,(0.0039142555241583835-0.027294679816698232j)
7.9025,(0.0006754715000609321-0.05032456520906222j),(0.0010473222466770601-0.024352373639293882j),0.0010799532286369475,(-0.00037185074661612804-0.02597219156976834j)
7.905,(0.0006750445363243876-0.050308660547568294j),(-0.0013644041463442597-0.019471281541435057j),0.0012905638937237153,(0.0020394486826686474-0.030837379006133238j)
7.9075,(0.0006746179772596192-0.05029276593416166j),(0.0018934988526664806-0.02231179921306258j),0.0010705555729323306,(-0.0012188808754068615-0.02798096672109908j)
7.91,(0.0006741918223554466-0.05027688135932491j),(0.0025307587988616684-0.01931267862756512j),0.0010265780102965047,(-0.0018565669765062218-0.03096420273175979j)
7.9125000000000005,(0.0006737660711014806-0.05026100681355268j),(-0.0014623088739042626-0.018495305877827693j),0.0010229792225542554,(0.0021360749450057433-0.03176570093572499j)
7.915,(0.0006733407229881101-0.05024514228735156j),(-0.00039529122454916836-0.02242324181582302j),0.0011214869821890147,(0.0010686319475372785-0.02782190047152854j)
7.9175,(0.00067291577750659-0.05022928777124013j),(0.00018809642252239005-0.02023376186258435j),0.0010537256248557836,(0.00048481935498419996-0.02999552590865578j)
7.92,(0.0006724912341488844-0.050213443255748946j),(0.0003580191588295652-0.025876718437542762j),0.001147231249405744,(0.0003144720753193192-0.024336724818206184j)
7.9225,(0.0006720670924078773-0.050197608731420526j),(-0.00034550573650809027-0.020118151205323644j),0.0012483555788867686,(0.0010175728289159676-0.030079457526096882j)
7.925,(0.0006716433517771352-0.0501817841888092j),(-0.001938452818946761-0.020815157005223947j),0.001190360456486997,(0.002610096170723896-0.02936662718358525j)
7.9275,(0.0006712200117510871-0.05016596961848129j),(0.002624450556061151-0.02225139555127828j),0.0010846740866639567,(-0.001953230544310064-0.02791457406720301j)
7.930000000000001,(0.0006707970718249548-0.05015016501101502j),(-0.0008415847686348804-0.020664277765622758j),0.0009093007368118882,(0.0015123818404598351-0.02948588724539226j)
7.9325,(0.0006703745314947513-0.0501343703570004j),(0.00012680110616802192-0.018765183583308104j),0.0009021874997885501,(0.0005435734253267293-0.0313691867736923j)
7.9350000000000005,(0.0006699523902572916-0.05011858564703932j),(0.0014927449793432643-0.016590456462111484j),0.0012627460299407098,(-0.0008227925890859727-0.033528129184927834j)
7.9375,(0.000669530647610135-0.05010281087174549j),(0.007761898939289803-0.02572238702504333j),0.001154900665683882,(-0.007092368291679668-0.02438042384670216j)
7.94,(0.0006691093030516741-0.050087046021744464j),(0.0007901645279053702-0.021076538275770287j),0.0012220812649690492,(-0.00012105522485369611-0.029010507745974176j)
7.9425,(0.0006686883560810988-0.050071291087673525j),(0.0019070932475012557-0.02001216991590017j),0.001120537993483189,(-0.001238404891420157-0.030059121171773354j)
7.945,(0.0006682678061983289-0.050055546060181755j),(-0.0016607004726406918-0.017753675657872472j),0.0009841360028755037,(0.0023289682788390207-0.03230187040230928j)
7.9475,(0.000667847652904169-0.05003981092993002j),(0.002285534287464654-0.023733148037597292j),0.0011789572691371644,(-0.001617686634560485-0.026306662892332727j)
7.95,(0.000667427895700106-0.050024085687590834j),(-0.002924555358786847-0.02311471590412193j),0.0012350943369137692,(0.003591983254486953-0.026909369783468903j)
7.952500000000001,(0.0006670085340884429-0.05000837032384855j),(0.0021982367984173783-0.02063191449013413j),0.001102255684425273,(-0.0015312282643289354-0.02937645583371442j)
7.955,(0.0006665895675723291-0.04999266482939908j),(-0.00045310624089492645-0.022309289759096886j),0.0010293064790507136,(0.0011196958084672556-0.027683375070302198j)
7.9575000000000005,(0.0006661709956555935-0.0499769691949501j),(0.0010898832239555915-0.022100974650689824j),0.0011030587063898672,(-0.00042371222829999807-0.027875994544260277j)
7.96,(0.0006657528178428887-0.04996128341122099j),(0.0008280306924231647-0.021779813835081218j),0.0012248640112465013,(-0.000162277874580276-0.028181469576139772j)
7.9625,(0.0006653350336396529-0.04994560746894258j),(0.001937751631574731-0.02331183657136351j),0.0012885655476349784,(-0.0012724165979350781-0.02663377089757907j)
7.965,(0.0006649176425520804-0.04992994135885755j),(0.0005643594624989092-0.017555642885792793j),0.0011761348615343572,(0.0001005581800531712-0.032374298473064764j)
7.9675,(0.000664500644087172-0.04991428507172006j),(0.003721389572262772-0.018031145552681264j),0.000924458722734979,(-0.0030568889281756004-0.0318831395190388j)
7.97,(0.0006640840377526683-0.049898638598295866j),(-0.00011579983914741375-0.017068051712537967j),0.0009993906704615038,(0.000779883876900082-0.0328305868857579j)
7.9725,(0.0006636678230571048-0.04988300192936233j),(0.002048825936567104-0.01810353459441714j),0.001146132603954446,(-0.0013851581135099992-0.03177946733494519j)
7.9750000000000005,(0.000663251999509732-0.04986737505570833j),(-0.002234701433181671-0.023298528936609206j),0.0013581243095438422,(0.002897953432691403-0.026568846119099127j)
7.9775,(0.0006628365666206483-0.04985175796813432j),(0.0036825073546319525-0.021656917583440016j),0.0010220365854137477,(-0.003019670788011304-0.028194840384694303j)
7.98,(0.0006624215239006861-0.049836150657452206j),(0.0005229201762905582-0.016819218668491495j),0.0010944807162564247,(0.00013950134761012796-0.03301693198896071j)
7.9825,(0.0006620068708614233-0.049820553114485404j),(0.0013888245243755047-0.0191805005938282j),0.001118471000787216,(-0.0007268176535140814-0.030640052520657202j)
7.985,(0.0006615926070151941-0.04980496533006891j),(0.002657308423664611-0.02188875219375774j),0.0012682204870227978,(-0.001995715816649417-0.02791621313631117j)
7.9875,(0.0006611787318751617-0.049789387295049j),(-0.0020284811840966823-0.018735990372124825j),0.0011808029583265116,(0.002689659915971844-0.03105339692292417j)
7.99,(0.0006607652449551781-0.049773819000283576j),(-0.0024470009297119072-0.02644229349287103j),0.001280130534702216,(0.003107766174667085-0.023331525507412545j)
7.992500000000001,(0.0006603521457698771-0.04975826043664181j),(-0.001460383001889289-0.017439947959426456j),0.0013372407111035686,(0.002120735147659166-0.03231831247721535j)
7.995,(0.0006599394338347112-0.049742711595004395j),(0.0016439728190092058-0.019943673690572122j),0.0010081346678858592,(-0.0009840333851744946-0.029799037904432273j)
7.9975000000000005,(0.0006595271086657375-0.049727172466263354j),(0.0018854694433682287-0.019730277449025516j),0.00115324552412258,(-0.0012259423347024912-0.02999689501723784j)
8.0,(0.0006591151697799601-0.04971164304132212j),(0.00387834439768997-0.02405131741341423j),0.0011560934490378416,(-0.00321922922791001-0.02566032562790789j)
8.0025,(0.0006587036166949961-0.0496961233110954j),(0.0022488235865439107-0.023085512611746045j),0.0011183464191088855,(-0.0015901199698489146-0.026610610699349356j)
8.005,(0.0006582924489292762-0.04968061326650934j),(0.004255470995433192-0.021507088336239762j),0.0010494615261301056,(-0.0035971785465039163-0.02817352493026958j)
8.0075,(0.0006578816660019633-0.049665112898501354j),(0.00018237300262344353-0.017225814542614466j),0.0009346821393808047,(0.0004755086633785198-0.03243929835588689j)
8.01,(0.0006574712674329637-0.049649622198020146j),(0.004358065069468464-0.018938034653655164j),0.001025946348739417,(-0.003700593802035501-0.030711587544364982j)
8.0125,(0.0006570612527429694-0.04963414115602571j),(-0.0013351783587447878-0.023343690131335606j),0.0010617043173321923,(0.001992239611487757-0.026290451024690107j)
8.015,(0.0006566516214533814-0.049618669763489366j),(0.001735322436168637-0.015813834632257093j),0.0011780331979181755,(-0.0010786708147152557-0.03380483513123227j)
8.0175,(0.0006562423730863498-0.04960320801139355j),(-0.0014341403709038042-0.021847691629610352j),0.0009118331756316688,(0.002090382743990154-0.027755516381783196j)
8.02,(0.0006558335071647753-0.049587755890732055j),(-0.0009692645970668166-0.021116743904232824j),0.0011831094038244501,(0.0016250981042315918-0.02847101198649923j)
8.0225,(0.0006554250232123291-0.049572313392509844j),(0.0016879341894894253-0.019908568165599515j),0.0010311809823909757,(-0.0010325091662770963-0.02966374522691033j)
8.025,(0.0006550169207533847-0.04955688050774303j),(-0.00018316861110064436-0.020255280034570215j),0.001144025106444793,(0.0008381855318540291-0.029301600473172817j)
8.0275,(0.0006546091993130625-0.04954145722745898j),(-0.0003240637394796372-0.02232658534079612j),0.0011004620530929226,(0.0009786729387926997-0.02721487188666286j)
8.03,(0.0006542018584172271-0.04952604354269616j),(-0.0008042328254408157-0.019633366650755192j),0.001259160412955624,(0.0014584346838580429-0.029892676891940966j)
8.0325,(0.0006537948975924883-0.049510639444504234j),(0.003793290175900206-0.021472709373643088j),0.001034635437250881,(-0.0031394952783077175-0.028037930070861146j)
8.035,(0.0006533883163661857-0.04949524492394397j),(-0.0005085852780915966-0.021274965258955617j),0.0012485977778429844,(0.0011619735944577822-0.028220279664988353j)
8.0375,(0.0006529821142663682-0.04947985997208719j),(-0.00024587387453292776-0.01910901137173129j),0.00118952300402206,(0.000898855988799296-0.0303708486003559j)
8.040000000000001,(0.0006525762908218801-0.049464484580016885j),(0.00043184381059337184-0.019130175422691752j),0.0010394001378204233,(0.00022073248022850829-0.030334309157325132j)
8.0425,(0.00065217084556225-0.04944911873882709j),(-0.003810283365275224-0.018747340338040368j),0.0010595181243809538,(0.004462454210837474-0.030701778400786722j)
8.045,(0.0006517657780177334-0.04943376243962289j),(0.001955175783492023-0.015502711183191891j),0.0011581452104897257,(-0.0013034100054742895-0.033931051256431005j)
8.0475,(0.0006513610877193118-0.04941841567352044j),(-0.00038855894697472016-0.018632255401030286j),0.001139067718154092,(0.0010399200346940319-0.030786160272490155j)
8.05,(0.0006509567741987572-0.04940307843164688j),(-0.0006458816019962542-0.020406780261740743j),0.0010935671684186808,(0.0012968383761950116-0.028996298169906138j)
8.0525,(0.0006505528369884775-0.04938775070514035j),(0.0010030038465342417-0.021577497519982194j),0.0010223365547878374,(-0.0003524510095457642-0.027810253185158156j)
8.055,(0.0006501492756216805-0.049372432485150046j),(0.00031078078002635484-0.019341905129779312j),0.0010668210659428804,(0.0003393684955953256-0.030030527355370734j)
8.057500000000001,(0.0006497460896322395-0.04935712376283605j),(-0.0023132381211626234-0.016304482739795585j),0.0012394829424349284,(0.002962984210794863-0.033052641023040466j)
8.06,(0.0006493432785547934-0.049341824529369464j),(-0.002341588729497057-0.01803697178553645j),0.0012805979482475949,(0.0029909320080518504-0.03130485274383302j)
8.0625,(0.0006489408419246774-0.04932653477593231j),(0.0006738084156420785-0.016537387966660926j),0.0011065150627045162,(-2.4867573717401092e-05-0.032789146809271384j)
8.065,(0.0006485387792779773-0.049311254493717475j),(0.00012642572900784153-0.02203343798960292j),0.0011157140998587884,(0.0005221130502701358-0.027277816504114556j)
8.0675,(0.0006481370901514312-0.049295983673928845j),(0.0005231113585441231-0.016188931070514664j),0.0010672411819946063,(0.000125025731607308-0.03310705260341418j)
8.07,(0.0006477357740825909-0.049280722307781126j),(-0.0021226295102451686-0.01993626650084918j),0.001104689112749916,(0.0027703652843277596-0.029344455806931947j)
8.0725,(0.000647334830609603-0.04926547038649993j),(0.0032745886255348884-0.018658117696731126j),0.0009574265519906251,(-0.0026272537949252853-0.030607352689768802j)
8.075,(0.0006469342592714364-0.049250227901321685j),(-0.0008695275746621567-0.02116886188293221j),0.0010851916360918993,(0.001516461833933593-0.028081366018389474j)
8.0775,(0.0006465340596077409-0.0492349948434937j),(0.0012471300505434355-0.016974512734595455j),0.0011346796666819455,(-0.0006005959909356946-0.032260482108898245j)
8.08,(0.0006461342311588653-0.04921977120427405j),(0.0006793277458550463-0.020361646197437695j),0.0013712985607775765,(-3.319351469618101e-05-0.028858125006836356j)
8.0825,(0.0006457347734658482-0.04920455697493168j),(0.0039021369373627474-0.01988502970930578j),0.0012466680347092316,(-0.003256402163896899-0.0293195272656259j)
8.085,(0.0006453356860704806-0.049189352146746274j),(0.0019478802089162317-0.018181923908507452j),0.001120146434407426,(-0.0013025445228457512-0.03100742823823882j)
8.0875,(0.0006449369685152399-0.049174156711008304j),(-0.0006056368537652487-0.01745226372441821j),0.0011251327331935636,(0.0012505738222804885-0.031721892986590096j)
8.09,(0.0006445386203433098-0.04915897065901895j),(0.003769519137413563-0.018942258070837558j),0.0011220046909793159,(-0.0031249805170702532-0.03021671258818139j)
8.0925,(0.0006441406410985705-0.049143793982090206j),(-0.0024923211999676614-0.020934369979026115j),0.0011063340372158828,(0.003136461841066232-0.02820942400306409j)
8.095,(0.0006437430303256165-0.04912862667154473j),(0.00358027598347014-0.022667820316930102j),0.0011729790691699408,(-0.0029365329531445233-0.02646080635461463j)
8.0975,(0.0006433457875697692-0.049113468718715934j),(0.0009902080041670053-0.01582192868077679j),0.0011001944766694729,(-0.0003468622165972361-0.033291540037939146j)
8.1,(0.0006429489123770188-0.049098320114947816j),(-0.0034027880048011416-0.015674559826611173j),0.0011962957343603744,(0.00404573691717816-0.03342376028833664j)
8.102500000000001,(0.0006425524042940473-0.04908318085159519j),(0.0009100427154509902-0.019773358368575297j),0.0011669054672988088,(-0.000267490311156943-0.02930982248301989j)
8.105,(0.0006421562628682581-0.04906805092002341j),(0.0009639162434313274-0.018446579552698624j),0.0009938124283448218,(-0.00032175998056306924-0.030621471367324783j)
8.1075,(0.0006417604876477437-0.04905293031160849j),(-0.002331769211856541-0.019240536333383535j),0.001196361814638411,(0.0029735296995042847-0.029812393978224955j)
8.11,(0.0006413650781812948-0.04903781901773711j),(0.0016694855127345862-0.021992905771073934j),0.0011142210576356249,(-0.0010281204345532913-0.027044913246663173j)
8.1125,(0.0006409700340183997-0.0490227170298065j),(-0.0017387564236628873-0.018614955630782033j),0.0011755074164412796,(0.002379726457681287-0.030407761399024465j)
8.115,(0.0006405753547092429-0.049007624339224544j),(-0.0013858804675749242-0.0194599660674977j),0.000986411975784213,(0.002026455822284167-0.029547658271726843j)
8.1175,(0.0006401810398046595-0.048992540937409595j),(0.002510390348788543-0.01851245877396984j),0.0012493916511929827,(-0.0018702093089838835-0.030480082163439757j)
8.120000000000001,(0.000639787088856246-0.048977466815790696j),(0.0008054500750184349-0.019027361551260124j),0.0011092873532444697,(-0.00016566298616218892-0.029950105264530572j)
8.1225,(0.0006393935014162572-0.0489624019658073j),(0.000853665808348359-0.017032725912382217j),0.0011261074485256332,(-0.00021427230693210186-0.03192967605342508j)
8.125,(0.000639000277037598-0.048947346378909476j),(0.0013593870123509567-0.02063372625297773j),0.0010150109535852698,(-0.0007203867353133588-0.028313620125931745j)
8.1275,(0.0006386074152739174-0.048932300046557735j),(0.005365731414063724-0.020409530508083414j),0.001147757107961564,(-0.004727123998789807-0.02852276953847432j)
8.13,(0.0006382149156795227-0.04891726296022315j),(0.0011942971109564224-0.016662972288739503j),0.0009502334211911382,(-0.0005560821952768997-0.032254290671483644j)
8.1325,(0.0006378227778094093-0.04890223511138722j),(0.0006528294490926482-0.022784545358632776j),0.001317214545777811,(-1.5006671283238873e-05-0.026117689752754445j)
8.135,(0.0006374310012192502-0.04888721649154192j),(-0.0008686469796806007-0.01486608083409375j),0.0009331931720303601,(0.001506077980899851-0.03402113565744817j)
8.1375,(0.0006370395854654041-0.048872207092189646j),(-0.004741196604324966-0.02143849728649032j),0.0011680498827427992,(0.005378236189790371-0.027433709805699327j)
8.14,(0.0006366485301049597-0.048857206904843256j),(0.00014429247160340517-0.01780215999250363j),0.0010886097585790404,(0.0004923560585015545-0.031055046912339627j)
8.1425,(0.0006362578346955485-0.048842215921025965j),(-0.00181761897251681-0.01993396153278114j),0.0011584845879569427,(0.0024538768072123584-0.028908254388244826j)
8.145,(0.0006358674987956491-0.04882723413227146j),(0.006054470592664656-0.018317324431414383j),0.0012261275526901034,(-0.005418603093869007-0.03050990970085708j)
8.1475,(0.0006354775219642921-0.04881226153012377j),(-0.0016397568872545956-0.019761776468255894j),0.0011121708534109667,(0.0022752344092188876-0.029050485061867873j)
8.15,(0.0006350879037612547-0.048797298106137275j),(0.0005539022490431132-0.018426112484707532j),0.0010412500906747933,(8.118565471814158e-05-0.030371185621429743j)
8.1525,(0.0006346986437469617-0.04878234385187669j),(0.0011984560515257362-0.01985279590169203j),0.0009942177678233372,(-0.0005637574077787745-0.028929547950184663j)
8.155,(0.0006343097414824961-0.0487673987589171j),(-0.0018191306002353835-0.015959145488715343j),0.0010595040517753541,(0.0024534403417178796-0.03280825327020176j)
8.1575,(0.0006339211965296408-0.04875246281884389j),(-0.0012736887347641768-0.02158158155026914j),0.0009679660441528453,(0.0019076099312938177-0.027170881268574754j)
8.16,(0.0006335330084508453-0.04873753602325274j),(0.0017597268683331158-0.016790999002074026j),0.0011180793695871822,(-0.0011261938598822706-0.03194653702117871j)
8.1625,(0.0006331451768092031-0.04872261836374964j),(0.0012693793234790087-0.020885691719379134j),0.0010422335750564426,(-0.0006362341466698056-0.027836926644370503j)
8.165000000000001,(0.0006327577011685039-0.04870770983195078j),(0.002446410139034147-0.022101641410212234j),0.0012507016314262486,(-0.0018136524378656433-0.026606068421738547j)
8.1675,(0.0006323705810931914-0.048692810419482715j),(-0.0013648563887205404-0.016100379012645563j),0.0011816728558263622,(0.001997226969813732-0.03259243140683715j)
8.17,(0.0006319838161484138-0.04867792011798215j),(0.00030749259130302936-0.01912702803185183j),0.0011629665246742204,(0.0003244912248453845-0.02955089208613032j)
8.1725,(0.0006315974058998942-0.048663038919095965j),(0.0020569626237909016-0.021160549367178993j),0.0011759288449679542,(-0.0014253652178910074-0.027502489551916972j)
8.175,(0.0006312113499140934-0.04864816681448144j),(-0.0009758937272050485-0.01716540260504208j),0.0013332983141616703,(0.001607105077119142-0.031482764209439365j)
8.1775,(0.0006308256477581513-0.04863330379580585j),(0.002296825113192294-0.020892124122072437j),0.0009151589729336094,(-0.0016659994654341427-0.02774117967373341j)
8.18,(0.0006304402989997588-0.0486184498547467j),(-0.0007280866346867876-0.015753622686365498j),0.0012861079368666243,(0.0013585269336865464-0.0328648271683812j)
8.182500000000001,(0.0006300553032074158-0.04860360498299171j),(-0.0038545611599800794-0.019341786047434854j),0.0009851690375593798,(0.004484616463187496-0.029261818935556856j)
8.185,(0.0006296706599501489-0.0485887691722387j),(0.000501179546482875-0.014530204277082905j),0.0010497403066001326,(0.00012849111346727388-0.034058564895155796j)
8.1875,(0.0006292863687977475-0.0485739424141956j),(-0.0023984812947585293-0.017407612041631815j),0.0012050714760999627,(0.0030277676635562766-0.031166330372563788j)
8.19,(0.0006289024293205693-0.048559124700580485j),(-3.8501871510262384e-05-0.01838155881964262j),0.0011469235583010378,(0.0006674043008308317-0.030177565880937864j)
8.1925,(0.0006285188410896802-0.048544316023121564j),(-0.00011917520414406389-0.018518191421171008j),0.001148785059503737,(0.0007476940452337441-0.030026124601950557j)
8.195,(0.000628135603676786-0.04852951637355701j),(-0.0005175854884418873-0.01956217368872804j),0.0010224727750011036,(0.0011457210921186733-0.028967342684828975j)
8.1975,(0.0006277527166542343-0.04851472574363517j),(-0.005107625625615121-0.022486626402978598j),0.0010276049389077815,(0.0057353783422693545-0.02602809934065657j)
8.2,(0.0006273701795950447-0.04849994412511443j),(0.0025141027099584248-0.019775027072235746j),0.0008988386309362134,(-0.00188673253036338-0.028724917052878683j)
8.2025,(0.0006269879920728852-0.048485171509763135j),(0.0020420258379862262-0.0190420178161847j),0.0009607923932124027,(-0.0014150378459133412-0.029443153693578434j)
8.205,(0.0006266061536620627-0.04847040788935977j),(0.001609991542110561-0.018162781307457354j),0.0010971313981951703,(-0.0009833853884484982-0.03030762658190242j)
8.2075,(0.000626224663937498-0.04845565325569271j),(0.0022001123174295385-0.01563816857852967j),0.0012245074281442626,(-0.0015738876534920406-0.03281748467716304j)
8.21,(0.0006258435224748457-0.04844090760056041j),(-0.004869691423560724-0.016671559894621j),0.0010861489564446525,(0.005495534946035569-0.03176934770593941j)
8.2125,(0.0006254627288503076-0.04842617091577123j),(-0.00278346783465015-0.016208022418698925j),0.0009331913514672475,(0.003408930563500458-0.0322181484970723j)
8.215,(0.0006250822826408071-0.04841144319314359j),(-0.0004220681251976151-0.01802813597707763j),0.0012150909229514373,(0.0010471504078384223-0.03038330721606596j)
8.2175,(0.0006247021834238768-0.04839672442450571j),(-0.0015494915173619314-0.014954546768127151j),0.0012060828766322436,(0.0021741937007858083-0.03344217765637856j)
8.22,(0.0006243224307776608-0.04838201460169585j),(-0.0029805378780265778-0.018878029626932996j),0.0011257002106620862,(0.003604860308804239-0.02950398497476285j)
8.2225,(0.0006239430242810411-0.04836731371656214j),(-0.0009310818401433965-0.019960845749700733j),0.0011359378629324688,(0.0015550248644244377-0.028406467966861405j)
8.225,(0.0006235639635134008-0.048352621760962645j),(2.8894615206034937e-05-0.014872429786416444j),0.001263626887310248,(0.000594669348307366-0.0334801919745462j)
8.227500000000001,(0.0006231852480549024-0.048337938726765305j),(-0.0019595903886939956-0.019154727442938186j),0.001054624829225694,(0.0025827756367488982-0.02918321128382712j)
8.23,(0.0006228068774862387-0.04832326460584786j),(-0.001012380687095947-0.01949356146215134j),0.001014590331203466,(0.0016351875645821857-0.02882970314369652j)
8.2325,(0.0006224288513887953-0.048308599390098045j),(-3.224780160926057e-05-0.018074568641017866j),0.0011606999514556225,(0.0006546766529980558-0.03023403074908018j)
8.235,(0.0006220511693445819-0.04829394307141327j),(0.0005299134038209369-0.020864467833237338j),0.001151868260122124,(9.213776552364497e-05-0.027429475238175932j)
8.2375,(0.0006216738309362242-0.0482792956417009j),(-0.00032519183133058343-0.01497499130773998j),0.0009753203814813177,(0.0009468656622668077-0.03330430433396092j)
8.24,(0.0006212968357469925-0.04826465709287804j),(0.00511074081953057-0.018144923780090576j),0.0011618495837139422,(-0.004489443983783577-0.030119733312787465j)
8.2425,(0.0006209201833607807-0.04825002741687164j),(-0.0013525654823850625-0.014587317131563835j),0.00100017803417881,(0.001973485665745843-0.033662710285307804j)
8.245000000000001,(0.0006205438733621473-0.048235406605618404j),(0.004383832438948418-0.019898062342076615j),0.00115562577316725,(-0.003763288565586271-0.02833734426354179j)
8.2475,(0.000620167905336261-0.048220794651064755j),(-0.00050871948404936-0.011221023319728575j),0.0012660180655362325,(0.0011288873893856208-0.03699977133133618j)
8.25,(0.0006197922788688686-0.048206191545166956j),(-0.0009465381865167527-0.019793335397637193j),0.0012507243979096097,(0.0015663304653856214-0.028412856147529763j)
8.2525,(0.0006194169935464104-0.04819159727989092j),(0.0017108072460546493-0.01452522079028175j),0.0009845920976955817,(-0.001091390252508239-0.03366637648960917j)
8.255,(0.0006190420489559571-0.048177011847212396j),(0.002466989146933198-0.02015321095074355j),0.001023534182545166,(-0.0018479470979772409-0.028023800896468845j)
8.2575,(0.0006186674446851197-0.0481624352391167j),(0.002434334638311234-0.019854127505475022j),0.0011427077307498781,(-0.0018156671936261142-0.02830830773364168j)
8.26,(0.0006182931803222346-0.04814786744759892j),(0.002251116444135425-0.020510348244030006j),0.0010971567760621182,(-0.0016328232638131905-0.027637519203568914j)
8.2625,(0.0006179192554561886-0.048133308464663835j),(-0.0001904947898618209-0.018580918075135577j),0.0013082596129033197,(0.0008084140453180095-0.029552390389528258j)
8.265,(0.000617545669676548-0.048118758282325876j),(0.003510691885436498-0.018639056927688486j),0.0010693208313491058,(-0.00289314621575995-0.02947970135463739j)
8.2675,(0.0006171724225734375-0.04810421689260904j),(0.0014327293215396191-0.01932528349515004j),0.0009867390262753054,(-0.0008155568989661816-0.028778933397459j)
8.27,(0.0006167995137376284-0.04808968428754704j),(0.002213240090444914-0.013136754749595277j),0.0013261344982942128,(-0.0015964405767072858-0.03495292953795177j)
8.2725,(0.000616426942760525-0.048075160459183267j),(0.0023275010805974233-0.016000200966255533j),0.000991990552607125,(-0.0017110741378368983-0.03207495949292773j)
8.275,(0.0006160547092341412-0.04806064539957057j),(0.0029876795369664423-0.012889790639706598j),0.001083427274252298,(-0.0023716248277323012-0.03517085475986397j)
8.2775,(0.0006156828127510911-0.048046139100771455j),(0.0013225461210775637-0.016075344699912196j),0.0009982164191834812,(-0.0007068633083264726-0.03197079440085926j)
8.28,(0.0006153112529046191-0.048031641554858034j),(-0.0002602563204960234-0.01735206929594289j),0.001215544101681054,(0.0008755675734006426-0.030679572258915145j)
8.2825,(0.0006149400292885671-0.04801715275391201j),(-0.0017541613394783113-0.017716197474293906j),0.0011842184883384288,(0.0023691013687668783-0.030300955279618104j)
8.285,(0.0006145691414974147-0.048002672690024444j),(-0.0008860723549635212-0.020848819946705646j),0.001272580486904264,(0.0015006414964609358-0.027153852743318798j)
8.2875,(0.0006141985891262285-0.04798820135529616j),(0.0003081893768123579-0.017027281531317707j),0.001103403038633197,(0.00030600921231387063-0.030960919823978455j)
8.290000000000001,(0.0006138283717706794-0.04797373874183742j),(0.004158360959266964-0.016694957387440024j),0.0011424224453790766,(-0.0035445325874962847-0.03127878135439739j)
8.2925,(0.000613458489027085-0.04795928484176791j),(0.0029639679261509195-0.019561633486276174j),0.0008290947633764999,(-0.0023505094371238343-0.028397651355491736j)
8.295,(0.0006130889404923454-0.0479448396472169j),(-0.0006477542873851141-0.016120382711561795j),0.0012799241635617776,(0.0012608432278774595-0.03182445693565511j)
8.2975,(0.0006127197257639523-0.04793040315032307j),(0.0018982644053277147-0.018631922383955394j),0.001213718486689394,(-0.0012855446795637625-0.029298480766367676j)
8.3,(0.0006123508444400319-0.04791597534323465j),(0.0007387934996126142-0.019734746071645496j),0.0009837149608338761,(-0.00012644265517258225-0.028181229271589153j)
8.3025,(0.0006119822961193208-0.04790155621810921j),(-0.0007917441493305544-0.015631809467625917j),0.0010596598057553007,(0.001403726445449875-0.03226974675048329j)
8.305,(0.0006116140804011021-0.047887145767113816j),(-0.00028660264093528765-0.017265213102157038j),0.0012914038308731587,(0.0008982167213363898-0.030621932664956778j)
8.307500000000001,(0.0006112461968853336-0.04787274398242496j),(-0.00023320652050821914-0.015721834136925742j),0.0010799363132658934,(0.0008444527173935528-0.03215090984549922j)
8.31,(0.0006108786451725269-0.04785835085622849j),(-0.0006223553825158405-0.014523718277453806j),0.0011426818099367739,(0.0012332340276883674-0.033334632578774684j)
8.3125,(0.0006105114248638236-0.047843966380719694j),(0.0007782064458627405-0.013935737441626808j),0.001082540268579112,(-0.00016769502099891695-0.033908228939092885j)
8.315,(0.0006101445355609187-0.047829590548103186j),(0.004134449998592597-0.015870195957349245j),0.001127567031300628,(-0.0035243054630316782-0.03195939459075394j)
8.3175,(0.0006097779768661774-0.047815223350593j),(0.0022739457364031805-0.012710589689447674j),0.001184811473024075,(-0.001664167759537003-0.03510463366114533j)
8.32,(0.0006094117483824948-0.04780086478041248j),(-0.001104430748491582-0.015338447954899826j),0.001025856425342108,(0.0017138424968740767-0.03246241682551266j)
8.3225,(0.0006090458497133913-0.04778651482979428j),(-0.00164799621908334-0.016077553655560718j),0.0010396989426315817,(0.0022570420687967312-0.03170896117423356j)
8.325,(0.0006086802804629596-0.04777217349098042j),(0.0022889575003457734-0.018765024139829303j),0.0012313388596565872,(-0.0016802772198828138-0.029007149351151115j)
8.3275,(0.000608315040235958-0.04775784075622223j),(0.0007859856792398062-0.01651973853824726j),0.001226161165074519,(-0.0001776706390038482-0.031238102217974975j)
8.33,(0.0006079501286376398-0.0477435166177803j),(0.0037216895058289606-0.017214434504029676j),0.0012135082652987704,(-0.0031137393771913206-0.030529082113750623j)
8.3325,(0.0006075855452739329-0.04772920106792448j),(-0.0040593015016183185-0.01903986622962537j),0.0011309290681341371,(0.004666887046892251-0.028689334838299108j)
8.335,(0.0006072212897512601-0.04771489409893396j),(4.3391684047226515e-05-0.015209369506487038j),0.0011669592435588176,(0.0005638296057040337-0.03250552459244692j)
8.3375,(0.0006068573616767269-0.04770059570309713j),(0.0021008723295815285-0.013243135667777212j),0.0010056477875889365,(-0.0014940149679048016-0.034457460035319916j)
8.34,(0.0006064937606580044-0.047686305872711575j),(-0.0010633926768203329-0.022708646682202516j),0.0009797438160290127,(0.0016698864374783372-0.02497765919050906j)
8.3425,(0.0006061304863033192-0.04767202460008416j),(0.001514680018970138-0.020439842369932938j),0.0010762744175798822,(-0.0009085495326668188-0.027232182230151225j)
8.345,(0.0006057675382215257-0.047657751877531004j),(-0.0029509745618456792-0.01641319397949425j),0.0012035987884417383,(0.003556742100067205-0.031244557898036755j)
8.3475,(0.0006054049160219991-0.0476434876973773j),(-0.0036549515607205486-0.018255621194787214j),0.0010851236067901152,(0.004260356476742548-0.029387866502590086j)
8.35,(0.0006050426193147724-0.04762923205195749j),(0.001877563708299356-0.01485550786474124j),0.0010077895207937877,(-0.0012725210889845836-0.03277372418721625j)
8.352500000000001,(0.0006046806477104304-0.047614984933615205j),(0.0008261412467931207-0.016756750127123972j),0.0011150861285360663,(-0.00022146059908269029-0.030858234806491233j)
8.355,(0.0006043190008201288-0.04760074633470318j),(0.0017562424006304289-0.022700629319239756j),0.0012200923292508446,(-0.0011519233998103001-0.024900117015463425j)
8.3575,(0.0006039576782556258-0.04758651624758333j),(0.001925112246639141-0.019906201366242385j),0.0011098188689425918,(-0.0013211545683835153-0.027680314881340946j)
8.36,(0.0006035966796292595-0.047572294664626646j),(0.0037682729842877984-0.013009547364527323j),0.0011370420415618664,(-0.003164676304658539-0.034562747300099325j)
8.3625,(0.0006032360045539168-0.04755808157821332j),(-0.006143642019558765-0.018695507511332667j),0.001184052819388335,(0.006746878024112682-0.028862574066880652j)
8.365,(0.000602875652643073-0.04754387698073258j),(-0.00439994686555576-0.014205268332687681j),0.0011990610607531772,(0.005002822518198833-0.033338608648044894j)
8.3675,(0.0006025156235108438-0.04752968086458268j),(-0.002240490298214283-0.010883577562515599j),0.0010848924588094872,(0.002843005921725127-0.03664610330206708j)
8.370000000000001,(0.0006021559167718074-0.0475154932221711j),(0.0008706043246811711-0.013117178619287751j),0.0011698449301267818,(-0.00026844840790936375-0.03439831460288335j)
8.3725,(0.000601796532041211-0.04750131404591425j),(-0.002487496393409728-0.00938281630292621j),0.0009801374376493064,(0.003089292925450939-0.03811849774298803j)
8.375,(0.0006014374689348253-0.0474871433282376j),(6.726296721008882e-05-0.014239379653905291j),0.0010518972420880577,(0.0005341745017247365-0.03324776367433231j)
8.3775,(0.0006010787270690272-0.04747298106157573j),(0.0003325416938922157-0.017609805694348044j),0.0011303364594629467,(0.00026853703317681146-0.029863175367227685j)
8.38,(0.0006007203060607346-0.047458827238372185j),(-0.0014118784543765484-0.015425744491968981j),0.0010910903427228255,(0.002012598760437283-0.03203308274640321j)
8.3825,(0.0006003622055274702-0.04744468185107951j),(0.0006245735965032034-0.016266290555441834j),0.001056346012490132,(-2.4211390975733237e-05-0.031178391295637674j)
8.385,(0.0006000044250872536-0.047430544892159206j),(-0.003923154808717032-0.01646535983054702j),0.001019121215503834,(0.0045231592338042855-0.030965185061612187j)
8.3875,(0.0005996469643588027-0.04741641635408181j),(0.005787661593676303-0.017692681831485868j),0.0008941595659314506,(-0.0051880146293175-0.02972373452259594j)
8.39,(0.0005992898229612584-0.04740229622932685j),(-0.00030224478137214544-0.011423580242993354j),0.000980543265534454,(0.0009015346043334039-0.035978715986333495j)
8.3925,(0.0005989330005144456-0.04738818451038276j),(0.0008252959390602483-0.014448579744966852j),0.0010787364461810952,(-0.00022636293854580262-0.03293960476541591j)
8.395,(0.0005985764966386836-0.047374081189746856j),(0.0032964124782261647-0.013897773890096405j),0.0011807831098399899,(-0.002697835981587481-0.033476307299650454j)
8.3975,(0.0005982203109548813-0.04735998625992548j),(-0.00022671447368866532-0.014866887840405572j),0.0012687625123110333,(0.0008249347846435466-0.0324930984195199j)
8.4,(0.0005978644430845034-0.04734589971343384j),(-0.002056257305228087-0.012611434889239232j),0.0009658492221054528,(0.0026541217483125904-0.03473446482419461j)
8.4025,(0.0005975088926495693-0.04733182154279603j),(0.002506325095625767-0.01774511496229622j),0.0012363998933063618,(-0.0019088162029761977-0.029586706580499812j)
8.405,(0.0005971536592727165-0.047317751740545054j),(-0.0025348249498767343-0.012797578617515687j),0.0010745103575742986,(0.003131978609149451-0.034520173123029366j)
8.4075,(0.0005967987425770415-0.047303690299222774j),(-0.0032612401491788163-0.015281681712764384j),0.0009249372378454522,(0.003858038891755858-0.032022008586458386j)
8.41,(0.0005964441421862988-0.04728963721137993j),(0.00041060749078167063-0.015487528288989461j),0.0013491602196956018,(0.00018583665140462814-0.031802108922390465j)
8.4125,(0.0005960898577247732-0.04727559246957607j),(-0.0016600388160079144-0.014386796943509954j),0.001236788428386868,(0.0022561286737326877-0.03288879552606612j)
8.415000000000001,(0.0005957358888172588-0.04726155606637957j),(-0.003143521507297427-0.014559220128784594j),0.00111983622635386,(0.003739257396114686-0.03270233593759498j)
8.4175,(0.0005953822350891642-0.04724752799436769j),(-0.0014836190409871534-0.01839430521492446j),0.0011536482318226164,(0.0020790012760763176-0.02885322277944323j)
8.42,(0.000595028896166446-0.04723350824612646j),(0.000886959547033384-0.012104304499779719j),0.001172115995933017,(-0.00029193065086693796-0.03512920374634674j)
8.4225,(0.0005946758716755679-0.04721949681425066j),(0.0005350925764611362-0.013641211781297792j),0.0011223557563800792,(5.9583295214431665e-05-0.03357828503295287j)
8.425,(0.0005943231612436051-0.04720549369134394j),(3.866417479966019e-05-0.011131939227169738j),0.0011193065920195478,(0.0005556589864439449-0.03607355446417421j)
8.4275,(0.0005939707644981581-0.04719149887001864j),(-0.0006045696438211015-0.013292004579644101j),0.0010319801560552304,(0.0011985404083192596-0.03389949429037454j)
8.43,(0.0005936186810673524-0.04717751234289585j),(-0.00032610611756302247-0.017184149439753705j),0.0010277349119733646,(0.000919724798630375-0.029993362903142144j)
8.432500000000001,(0.0005932669105799544-0.04716353410260549j),(-0.0014570954483288624-0.018390658933682177j),0.0011392408184079494,(0.0020503623589088167-0.02877287516892331j)
8.435,(0.0005929154526651795-0.0471495641417861j),(0.0013462378196393927-0.016275633112840446j),0.001242820861409159,(-0.0007533223669742132-0.030873931028945655j)
8.4375,(0.0005925643069528402-0.04713560245308501j),(-0.0028081704478497694-0.014779728948024248j),0.0012145566783786745,(0.0034007347548026096-0.032355873505060764j)
8.44,(0.0005922134730732806-0.047121649029158205j),(0.0012697061734273014-0.011632060376958315j),0.0010201966062835554,(-0.0006774927003540208-0.035489588652199894j)
8.4425,(0.0005918629506574404-0.04710770386267041j),(0.0006020044744533018-0.012904407329691003j),0.001026451254777438,(-1.0141523795861363e-05-0.034203296532979405j)
8.445,(0.0005915127393367266-0.04709376694629499j),(-0.0009034199695268605-0.014022557984745096j),0.0011468218697977958,(0.0014949327088635872-0.03307120896154989j)
8.4475,(0.0005911628387431598-0.04707983827271396j),(0.00341093116050261-0.01921580083653778j),0.0011927208316600956,(-0.0028197683217594505-0.02786403743617618j)
8.45,(0.0005908132485092383-0.04706591783461802j),(0.0014042372703181414-0.012748147018012808j),0.0012782384330784458,(-0.0008134240218089031-0.03431777081660521j)
8.4525,(0.0005904639682680616-0.0470520056247065j),(0.0032394666424586313-0.015386222054945163j),0.0010965180527802876,(-0.00264900267419057-0.03166578356976134j)
8.455,(0.0005901149976532568-0.047038101635687335j),(0.005629445998901046-0.015457982994521403j),0.0011374298059991638,(-0.005039331001247789-0.03158011864116593j)
8.4575,(0.0005897663362989781-0.047024205860277085j),(4.318555410261896e-05-0.019959117595396623j),0.0011900402117284192,(0.0005465807821963591-0.027065088264880462j)
8.46,(0.0005894179838399163-0.04701031829120095j),(0.004148489674980733-0.01367618886989599j),0.0011823432961436688,(-0.0035590716911408165-0.03333412942130496j)
8.4625,(0.0005890699399113297-0.04699643892119267j),(0.0008515436361392684-0.015706843453138667j),0.0012022558994715235,(-0.00026247369622793874-0.031289595468054j)
8.465,(0.0005887222041490103-0.04698256774299456j),(0.002144419821965561-0.017341672636833554j),0.0011609256079152348,(-0.0015556976178165507-0.029640895106161004j)
8.4675,(0.0005883747761892216-0.046968704749357444j),(-0.0014155464767771182-0.015333831440209776j),0.0011740024592949688,(0.00200392125296634-0.03163487330914767j)
8.47,(0.0005880276556688566-0.04695484993304086j),(-0.004232257405954661-0.01411342949488216j),0.0011105814001729762,(0.004820285061623518-0.0328414204381587j)
8.4725,(0.0005876808422252972-0.04694100328681275j),(-0.000591733720137704-0.010955457857366194j),0.0010566065927930545,(0.0011794145623630014-0.035985545429446555j)
8.475,(0.0005873343354964571-0.04692716480344957j),(0.004024821646447527-0.011977775694837756j),0.0012121902210946176,(-0.00343748731095107-0.03494938910861181j)
8.477500000000001,(0.0005869881351208233-0.04691333447573637j),(-0.0014808714414471247-0.010838412289136339j),0.0011688800900729868,(0.002067859576567948-0.03607492218660003j)
8.48,(0.0005866422407373403-0.04689951229646666j),(0.0021589801132546405-0.014076639981326671j),0.001181191820118872,(-0.0015723378725173002-0.032822872315139986j)
8.4825,(0.0005862966519855538-0.0468856982584424j),(0.006189989908381614-0.012833531687327916j),0.0008946698079192978,(-0.00560369325639606-0.034052166571114484j)
8.485,(0.0005859513685054975-0.04687189235447409j),(-0.002756001527734229-0.014007825835478684j),0.0011793030469638805,(0.003341952896239726-0.0328640665189954j)
8.4875,(0.0005856063899377852-0.046858094577380674j),(0.0007002991274136619-0.019231584682880994j),0.0009645954516924555,(-0.0001146927374758767-0.02762650989449968j)
8.49,(0.0005852617159234734-0.04684430491998948j),(0.00035274983582241634-0.015384159878571618j),0.0011175511600854573,(0.00023251188010105705-0.03146014504141786j)
8.4925,(0.0005849173461042705-0.04683052337513633j),(0.003889470043858579-0.013218507208643003j),0.0010133359287296916,(-0.0033045526977543084-0.03361201616649333j)
8.495000000000001,(0.0005845732801222444-0.04681674993566553j),(-0.0052047733518819275-0.017313494001626885j),0.0010541985348396987,(0.005789346632004172-0.029503255934038644j)
8.4975,(0.0005842295176201844-0.04680298459442966j),(0.0014981466651595372-0.017635242385847016j),0.0011226877865007782,(-0.0009139171475393528-0.02916774220858264j)
8.5,(0.0005838860582412276-0.0467892273442898j),(0.0008372324347011096-0.01708799114186896j),0.001341120007175413,(-0.00025334637645988193-0.02970123620242084j)
8.5025,(0.0005835429016291695-0.046775478178115386j),(-0.000875279627251137-0.015726985762872635j),0.001233788905460425,(0.0014588225288803065-0.03104849241524275j)
8.505,(0.0005832000474282446-0.04676173708878423j),(0.0017204560142344116-0.016150538251485172j),0.0011549841109076663,(-0.001137255966806167-0.030611198837299056j)
8.5075,(0.0005828574952832199-0.04674800406918253j),(-0.0016987644568491544-0.014844226330559152j),0.001042926311785881,(0.0022816219521323744-0.03190377773862338j)
8.51,(0.0005825152448394454-0.04673427911220481j),(-0.0020925484783370285-0.018697794755729524j),0.0012634089178066787,(0.0026750637231764737-0.028036484356475287j)
8.5125,(0.0005821732957427176-0.04672056221075388j),(0.0022349550783845873-0.013745059260309065j),0.0010424735357780653,(-0.0016527817826418696-0.03297550295044482j)
8.515,(0.0005818316476393958-0.046706853357740996j),(-0.0028543221836295797-0.013067477875889678j),0.0011379728068450904,(0.0034361538312689755-0.03363937548185132j)
8.5175,(0.0005814903001763258-0.04669315254608565j),(-0.003389681648823922-0.015159967694051152j),0.0010397553247829842,(0.003971171949000248-0.0315331848520345j)
8.52,(0.0005811492530009122-0.04667945976871562j),(0.005532691147962261-0.016614181180006973j),0.0010912832693216164,(-0.004951541894961348-0.030065278588708645j)
8.5225,(0.0005808085057610258-0.046665775018567016j),(0.001523025054344737-0.013741686878926487j),0.0011407075757087308,(-0.0009422165485837112-0.032924088139640525j)
8.525,(0.0005804680581051157-0.04665209828858424j),(0.0025208681956222414-0.015433954273158166j),0.0012492933690209,(-0.0019404001375171258-0.031218144015426077j)
8.5275,(0.0005801279096820838-0.046638429571719896j),(-0.0018516148672326786-0.011163021544349724j),0.0013067677519393644,(0.0024317427769147623-0.035475408027370176j)
8.53,(0.0005797880601414201-0.046624768860934876j),(-0.0011977810047855912-0.011969040217969693j),0.0011597936129162682,(0.0017775690649270114-0.034655728642965185j)
8.5325,(0.0005794485091330146-0.046611116149198335j),(5.577163336346845e-05-0.012019225113761944j),0.0010716543244461342,(0.0005236768757695461-0.03459189103543639j)
8.535,(0.0005791092563073637-0.04659747142948763j),(0.0007249012763350148-0.017771689128652454j),0.0009289859100930531,(-0.00014579202002765104-0.028825782300835174j)
8.5375,(0.0005787703013154763-0.046583834694788315j),(-4.5301046860622105e-05-0.013590796799403152j),0.0011077918897022872,(0.0006240713481760984-0.032993037895385165j)
8.540000000000001,(0.0005784316438088113-0.04657020593809421j),(0.0032623751289468646-0.012676941630430885j),0.0013278667078361526,(-0.0026839434851380533-0.033893264307663325j)
8.5425,(0.0005780932834393795-0.04655658515240726j),(-0.0014500842516695755-0.01966587647576779j),0.0012170933957320173,(0.002028177535108955-0.02689070867663947j)
8.545,(0.0005777552198597026-0.04654297233073762j),(-0.0016614658674441508-0.012962657275369403j),0.0009786146345945937,(0.0022392210873038534-0.033580315055368216j)
8.5475,(0.0005774174527227706-0.04652936746610363j),(-0.0002510595898372137-0.0138462598595059j),0.0010128879622467316,(0.0008284770425599844-0.03268310760659773j)
8.55,(0.0005770799816821336-0.04651577055153178j),(0.0030879409617780786-0.01622642447785254j),0.00089579038886587,(-0.002510860980095945-0.030289346073679238j)
8.5525,(0.0005767428063918089-0.04650218158005668j),(0.001729672066138118-0.016280255260965312j),0.0011355004241341495,(-0.0011529292597463091-0.030221926319091368j)
8.555,(0.0005764059265063315-0.04648860054472113j),(-0.0005336481378538312-0.014699191647217816j),0.0010870189306662866,(0.0011100540643601627-0.03178940889750331j)
8.557500000000001,(0.0005760693416807423-0.046475027438575955j),(0.00018731702715878685-0.017804906821926172j),0.001092722668446318,(0.0003887523145219555-0.028670120616649784j)
8.56,(0.0005757330515705993-0.04646146225468019j),(0.002091674009632092-0.01649243167224176j),0.0010054771719799536,(-0.0015159409580614927-0.029969030582438428j)
8.5625,(0.0005753970558319239-0.0464479049861009j),(-0.0007114288223167237-0.012191827957785666j),0.0012633196984530156,(0.0012868258781486477-0.034256077028315235j)
8.565,(0.0005750613541212731-0.04643435562591327j),(0.003689373780226722-0.011885550771129988j),0.0010859169688906085,(-0.003114312426105449-0.03454880485478328j)
8.5675,(0.0005747259460956973-0.04642081416720055j),(0.002786940893052345-0.017119448981388025j),0.0011800919056211782,(-0.0022122149469566478-0.029301365185812524j)
8.57,(0.0005743908314127501-0.04640728060305407j),(-0.0005335372073072645-0.010521574767255687j),0.0012031975684341325,(0.0011079280387200146-0.03588570583579838j)
8.5725,(0.0005740560097304657-0.046393754926573154j),(0.0006378026867269733-0.013149370851039906j),0.0011420049755827082,(-6.374667699650762e-05-0.03324438407553325j)
8.575000000000001,(0.0005737214807073813-0.04638023713086525j),(-0.0026957420330066535-0.011340561123972042j),0.0010939450956452528,(0.0032694635137140346-0.03503967600689321j)
8.5775,(0.0005733872440025643-0.04636672720904574j),(-0.0019998564404866553-0.016205194178991158j),0.0012806765785093174,(0.00257324368448922-0.030161533030054585j)
8.58,(0.0005730532992755423-0.04635322515423811j),(-0.0029581345282740056-0.014645572083317753j),0.0010592575628873419,(0.003531187827549548-0.03170765307092036j)
8.5825,(0.0005727196461863515-0.04633973095957376j),(0.0015561088822813453-0.015240799094504995j),0.001160495470836158,(-0.0009833892360949937-0.03109893186506877j)
8.585,(0.0005723862843955066-0.04632624461819217j),(0.0030801222071121515-0.017054952484624422j),0.0009867622476980235,(-0.002507735922716645-0.029271292133567745j)
8.5875,(0.0005720532135640412-0.04631276612324076j),(0.0003212136392835054-0.013367622139478157j),0.0010151203340414581,(0.0002508395742805358-0.03294514398376261j)
8.59,(0.0005717204333534645-0.0462992954678749j),(-0.0004581274344052959-0.013942572794552839j),0.001205662184314264,(0.0010298478677587604-0.03235672267332206j)
8.5925,(0.0005713879434257829-0.04628583264525794j),(0.004532151336204132-0.013953195222095207j),0.0011991811358724128,(-0.003960763392778349-0.03233263742316274j)
8.595,(0.000571055743443519-0.046272377648561194j),(0.005642201082112356-0.012273134588950798j),0.0011496747411242488,(-0.005071145338668837-0.0339992430596104j)
8.5975,(0.0005707238330696287-0.04625893047096389j),(-0.002349159472841604-0.015288229408433746j),0.0011935111119584637,(0.002919883305911233-0.030970701062530144j)
8.6,(0.0005703922119676029-0.046245491105653146j),(0.0024723238949294906-0.014236947584135634j),0.0010484680104270582,(-0.0019019316829618875-0.03200854352151751j)
8.602500000000001,(0.0005700608798014063-0.04623205954582404j),(-0.002269728736952833-0.01358629592868194j),0.0011333622439588756,(0.0028397896167542394-0.032645763617142096j)
8.605,(0.0005697298362354958-0.04621863578467954j),(7.930431976850471e-05-0.00883520929497709j),0.001054521859804613,(0.0004904255164669911-0.03738342648970245j)
8.6075,(0.0005693990809348314-0.04620521981543048j),(-0.0003385002718250201-0.018216738773103293j),0.0012937597740015094,(0.0009078993527598515-0.027988481042327186j)
8.61,(0.0005690686135648025-0.046191811631295605j),(0.0011852486820608608-0.013929809917380385j),0.0009709264691339614,(-0.0006161800684960582-0.03226200171391522j)
8.6125,(0.0005687384337913512-0.046178411225501516j),(0.000718609534912982-0.018100930572697252j),0.001263453819156663,(-0.0001498711011216308-0.028077480652804264j)
8.615,(0.0005684085412808784-0.04616501859128262j),(-0.001839467532491333-0.013959440981492289j),0.0013124058883392734,(0.002407876073772211-0.032205577609790335j)
8.6175,(0.0005680789357002335-0.04615163372188123j),(0.0009377193122355099-0.01570094285750152j),0.0010378322039144466,(-0.00036964037653527634-0.030450690864379713j)
8.620000000000001,(0.0005677496167167963-0.04613825661054748j),(0.0005427686756022119-0.012728403047120607j),0.0011056594329342446,(2.498094111458445e-05-0.03340985356342688j)
8.6225,(0.0005674205839984436-0.04612488725053929j),(0.0009037050344466108-0.01244432797795227j),0.0011228299465345728,(-0.0003362844504481672-0.03368055927258702j)
8.625,(0.0005670918372134382-0.046111525635122434j),(0.0035026841223254512-0.011842979322205807j),0.0010287878263283764,(-0.002935592285112013-0.03426854631291663j)
8.6275,(0.0005667633760306201-0.0460981717575704j),(0.003418442967600531-0.013657499598434524j),0.0011292762058994351,(-0.0028516795915699104-0.032440672159135875j)
8.63,(0.0005664352001192965-0.04608482561116458j),(0.0031315136465283485-0.014741855885548539j),0.0011158673047699142,(-0.0025650784464090522-0.03134296972561604j)
8.6325,(0.0005661073091492174-0.04607148718919405j),(-0.0027587205841973885-0.012527313114076594j),0.0011189622676282447,(0.0033248278933466057-0.03354417407511746j)
8.635,(0.0005657797027906079-0.04605815648495569j),(0.0001653003866524248-0.01345569653956861j),0.0010987177764234246,(0.00040047931613818315-0.03260245994538708j)
8.637500000000001,(0.0005654523807141869-0.04604483349175414j),(-0.0013948065742596157-0.010294266273474018j),0.0010861446530483904,(0.0019602589549738026-0.03575056721828012j)
8.64,(0.0005651253425911765-0.04603151820290176j),(0.0008573243934499627-0.013496588072817887j),0.0011892063574822408,(-0.0002921990508587862-0.03253493013008387j)
8.6425,(0.0005647985880932302-0.04601821061171861j),(-0.0024262272188991206-0.012689550255896177j),0.0010412250068568122,(0.002991025806992351-0.03332866035582244j)
8.645,(0.0005644721168924835-0.046004910711532544j),(-0.00043103772651141353-0.012228257435094831j),0.001088626086654929,(0.000995509843403897-0.03377665327643771j)
8.6475,(0.0005641459286615833-0.045991618495679065j),(0.005561036001496323-0.0144103712033474j),0.0011802549876457017,(-0.0049968900728347395-0.031581247292331666j)
8.65,(0.0005638200230735956-0.04597833395750138j),(0.0024780986931945497-0.01466620615504025j),0.0009932013487705589,(-0.0019142786701209541-0.03131212780246113j)
8.6525,(0.0005634943998020664-0.04596505709035044j),(-0.0007884492331401022-0.01579597175829476j),0.0012416807712399185,(0.0013519436329421687-0.03016908533205568j)
8.655,(0.0005631690585210813-0.04595178788758476j),(0.0007169541512234176-0.012119251747640615j),0.0011903462881759726,(-0.0001537850927023363-0.03383253613994414j)
8.6575,(0.0005628439989051021-0.0459385263425706j),(-0.0003973748179521125-0.012569956099972992j),0.0011356458293017135,(0.0009602188168572146-0.03336857024259761j)
8.66,(0.0005625192206291204-0.04592527244868187j),(0.003751567751174184-0.011229218460363876j),0.0011422416406543802,(-0.0031890485305450635-0.034696053988317994j)
8.6625,(0.000562194723368583-0.04591202619930011j),(-0.0012023760046803904-0.013798926219895629j),0.0010710903608310417,(0.0017645707280489736-0.03211309997940448j)
8.665000000000001,(0.000561870506799403-0.04589878758781445j),(-0.0015583177874687985-0.010709163700599647j),0.0008084562309114388,(0.0021201882942682017-0.035189623887214805j)
8.6675,(0.000561546570597919-0.04588555660762173j),(-0.0012009568809949033-0.016596417220574547j),0.0011193716300537978,(0.0017625034515928223-0.029289139387047185j)
8.67,(0.0005612229144410246-0.045872333252126286j),(-0.002479465071366813-0.005827599322447465j),0.001086929588770461,(0.003040687985807838-0.04004473392967882j)
8.6725,(0.0005608995380059869-0.04585911751474013j),(-0.0005480907179044547-0.010620053010642063j),0.0011891622570336803,(0.0011089902559104415-0.03523906450409807j)
8.675,(0.0005605764409706174-0.045845909388882826j),(-0.0014063891439020854-0.008228094185739911j),0.0013683215454680015,(0.0019669655848727026-0.03761781520314292j)
8.6775,(0.0005602536230131395-0.04583270886798156j),(0.0002141640110174095-0.012501204111355689j),0.001115611965153417,(0.00034608961199572997-0.03333150475662587j)
8.68,(0.0005599310838122381-0.04581951594547099j),(0.0008965909428960621-0.012816244276385575j),0.0010834320081801016,(-0.00033665985908382394-0.03300327166908541j)
8.682500000000001,(0.0005596088230470914-0.04580633061479346j),(-0.0008704151059953968-0.011949406207818064j),0.001072016443706674,(0.0014300239290424882-0.033856924406975394j)
8.685,(0.000559286840397326-0.045793152869398716j),(-0.0018919414293252638-0.018213426593159693j),0.000940162280691579,(0.00245122826972259-0.027579726276239024j)
8.6875,(0.00055896513554301-0.045779982702744124j),(0.0003398583420729887-0.01263850561402268j),0.0011498404655296425,(0.0002191067934700213-0.03314147708872144j)
8.69,(0.000558643708164701-0.04576682010829459j),(0.004637708170689773-0.01707191609929993j),0.0011745365444005469,(-0.004079064462525072-0.02869490400899466j)
8.6925,(0.0005583225579434042-0.04575366507952242j),(0.0026739986870908962-0.01145615661543569j),0.001062683334064832,(-0.002115676129147492-0.03429750846408673j)
8.695,(0.0005580016845605942-0.045740517609907536j),(-0.0009142543460208055-0.01527425429547342j),0.0011072824660222096,(0.0014722560305813997-0.030466263314434118j)
8.6975,(0.0005576810876981513-0.04572737769293727j),(0.00029754059936160484-0.010796812911494688j),0.0012687707330503424,(0.0002601404883365465-0.03493056478144258j)
8.700000000000001,(0.0005573607670385049-0.04571424532210651j),(0.0011262410224080904-0.012491078807637692j),0.0011548187121644177,(-0.0005688802553695855-0.03322316651446881j)
8.7025,(0.0005570407222644277-0.04570112049091754j),(0.0007578503601262609-0.013059328078115573j),0.0013157098461986263,(-0.00020080963786183316-0.03264179241280197j)
8.705,(0.00055672095305925-0.045688003192880106j),(-0.00012261110973783154-0.010941492260021146j),0.0009808309521461087,(0.0006793320627970816-0.03474651093285896j)
8.7075,(0.0005564014591066858-0.045674893421511445j),(-0.0008549478125291554-0.013095043023331282j),0.0010855667498850868,(0.001411349271635841-0.03257985039818016j)
8.71,(0.0005560822400909741-0.0456617911703362j),(-0.00312093510645217-0.014180130606451187j),0.001220954305714093,(0.0036770173465431443-0.03148166056388501j)
8.7125,(0.0005557632956967063-0.04564869643288646j),(0.001137707286455568-0.012311693426899136j),0.001064990369977338,(-0.0005819439907588617-0.033337003005987326j)
8.715,(0.0005554446256090071-0.04563560920270169j),(0.0020564752308603372-0.010979916140453972j),0.0012442299737892369,(-0.0015010306052513302-0.034655693062247715j)
8.7175,(0.0005551262295134537-0.04562252947332879j),(0.002115022785685968-0.00669864641316577j),0.0012890313074196144,(-0.0015598965561725141-0.03892388306016302j)
8.72,(0.000554808107096004-0.04560945723832202j),(0.001211822619565163-0.012404353944252456j),0.0008945461876933281,(-0.000657014512469159-0.03320510329406957j)
8.7225,(0.0005544902580431274-0.04559639249124307j),(-0.0003784993602274675-0.01348430621834565j),0.0009836858430036358,(0.0009329896182705948-0.03211208627289742j)
8.725,(0.0005541726820417438-0.045583335225660965j),(0.0001350116188268629-0.012989898286798402j),0.0010876099545093208,(0.00041916106321488096-0.03259343693886256j)
8.727500000000001,(0.0005538553787791615-0.04557028543515209j),(-0.0035289553155807615-0.012871907427632997j),0.001004183110916572,(0.004082810694359923-0.0326983780075191j)
8.73,(0.000553538347943189-0.04555724311330023j),(-0.005603114814030402-0.01645328153209592j),0.0011434232966758898,(0.0061566531619735914-0.029103961581204308j)
8.7325,(0.0005532215892221029-0.045544208253696455j),(-0.00013803492657147822-0.008500313604293468j),0.001170587440989644,(0.0006912565157935811-0.037043894649402984j)
8.735,(0.0005529051023045361-0.04553118084993915j),(0.0008628202800154251-0.017919610416292614j),0.0009888418421854638,(-0.000309915177710889-0.027611570433646537j)
8.7375,(0.0005525888868796504-0.0455181608956341j),(-0.0020053194803181544-0.016889360536000327j),0.0011171508427436955,(0.0025579083671978045-0.02862880035963377j)
8.74,(0.000552272942637033-0.04550514838439433j),(2.6435129438736813e-06-0.012453929273974339j),0.0010539488948162982,(0.0005496294296931594-0.03305121911041999j)
8.7425,(0.0005519572692666968-0.04549214330984016j),(-0.002519273818660784-0.011365281439517243j),0.0015156268630295874,(0.0030712310879274806-0.03412686187032292j)
8.745000000000001,(0.0005516418664590998-0.045479145665599234j),(0.004028604027709095-0.007221813064932199j),0.0011305849351586803,(-0.0034769621612499952-0.038257332600667035j)
8.7475,(0.0005513267339051454-0.045466155445306494j),(-0.0013931158906819808-0.0129635234039409j),0.0010107505982682836,(0.0019444426245871262-0.032502632041365595j)
8.75,(0.0005510118712961794-0.04545317264260409j),(0.0009577110767080178-0.010989802615569557j),0.0012453550185759351,(-0.0004066992054118384-0.034463370027034534j)
8.7525,(0.0005506972783240019-0.04544019725114145j),(-0.0009990912122919287-0.012771688573994577j),0.0008179076816856144,(0.0015497884906159306-0.03266850867714687j)
8.755,(0.0005503829546808248-0.04542722926457524j),(-0.0034129992806817932-0.010184945990091294j),0.0013562056303915917,(0.003963382235362618-0.03524228327448395j)
8.7575,(0.0005500689000593229-0.04541426867656941j),(-0.000950005587326476-0.011724731231285817j),0.0011825022913434472,(0.001500074487385799-0.03368953744528359j)
8.76,(0.0005497551141525911-0.04540131548079506j),(0.0008257500040487047-0.011864037149839584j),0.0012590147931756935,(-0.0002759948898961136-0.033537278330955475j)
8.762500000000001,(0.0005494415966541865-0.04538836967093058j),(0.002720612502393293-0.013879241139181302j),0.0012862258176464436,(-0.0021711709057391066-0.03150912853174928j)
8.765,(0.0005491283472580646-0.045375431240661505j),(0.004394278893661639-0.01044767240370588j),0.0010163086316860406,(-0.0038451505464035746-0.034927758836955626j)
8.7675,(0.0005488153656586618-0.04536250018368059j),(0.0015542404866090472-0.010768076189287346j),0.0013166527481706864,(-0.0010054251209503855-0.03459442399439325j)
8.77,(0.0005485026515508225-0.045349576493687795j),(-0.000947425048691124-0.010548100493447262j),0.001235953455378061,(0.0014959277002419467-0.034801476000240535j)
8.7725,(0.0005481902046298398-0.04533666016439022j),(-0.0003807087818984541-0.013374530758858623j),0.0011256483888504192,(0.0009288989865282939-0.03196212940553159j)
8.775,(0.0005478780245913936-0.04532375118950211j),(-0.00016319005670679344-0.01016450150418771j),0.0010169411549731842,(0.0007110680812981871-0.0351592496853144j)
8.7775,(0.0005475661111316722-0.045310849562744976j),(-0.0010717400925922872-0.011163738739192533j),0.0010499965815778825,(0.0016193062037239594-0.03414711082355244j)
8.78,(0.0005472544639472586-0.04529795527784733j),(0.000502476864324179-0.014854287356698654j),0.0010606071317588424,(4.4777599623079564e-05-0.030443667921148675j)
8.7825,(0.0005469430827351224-0.045285068328544884j),(0.0027705362978012096-0.0096053596198241j),0.0012473431018299257,(-0.002223593215066087-0.03567970870872078j)
8.785,(0.0005466319671927589-0.04527218870858052j),(0.0026052342758141325-0.009570079025419696j),0.0010979416822221536,(-0.0020586023086213738-0.03570210968316082j)
8.7875,(0.0005463211170180365-0.04525931641170411j),(0.002435123702138658-0.007739399337754807j),0.0009672517041924828,(-0.0018888025851206214-0.037519917073949305j)
8.790000000000001,(0.0005460105319092486-0.045246451431672746j),(0.004881450574339002-0.015447125351016893j),0.001023646450087598,(-0.004335440042429754-0.02979932608065585j)
8.7925,(0.0005457002115651114-0.045233593762250564j),(0.003382566424695781-0.01399248153403583j),0.0011410310460571286,(-0.0028368662131306698-0.031241112228214733j)
8.795,(0.0005453901556848345-0.045220743397208794j),(-0.0012038926691211804-0.011570445307749866j),0.0012333377603834445,(0.0017492828248060147-0.03365029808945893j)
8.7975,(0.0005450803639679584-0.04520790033032574j),(-0.00019554707450798075-0.007721529703310449j),0.0010814576962713074,(0.0007406274384759391-0.03748637062701529j)
8.8,(0.0005447708361145255-0.04519506455538672j),(0.0054344636749556205-0.012087586304507666j),0.0009801286411431922,(-0.004889692838841095-0.033107478250879056j)
8.8025,(0.0005444615718249501-0.04518223606618422j),(-0.002747576867907132-0.008973150162013365j),0.0011843086834610885,(0.003292038439732082-0.03620908590417085j)
8.805,(0.000544152570800135-0.04516941485651762j),(0.0007003861131193967-0.012833763383211507j),0.0013454657292072114,(-0.00015623354231926163-0.03233565147330611j)
8.807500000000001,(0.0005438438327413345-0.045156600920193475j),(0.0005693059689676696-0.012066409473480802j),0.0010995260361896999,(-2.5462136226335193e-05-0.03309019144671267j)
8.81,(0.0005435353573502902-0.04514379425102526j),(0.0006785091992923928-0.013253260434751597j),0.001147236939930389,(-0.00013497384194210255-0.03189053381627366j)
8.8125,(0.0005432271443291133-0.0451309948428335j),(0.000856171994424579-0.010834078884948925j),0.0009584010414428032,(-0.0003129448500954657-0.034296915957884574j)
8.815,(0.0005429191933803826-0.04511820268944574j),(0.0018558926746884796-0.015041641611010683j),0.001066998042176711,(-0.001312973481308097-0.03007656107843506j)
8.8175,(0.0005426115042070736-0.04510541778469647j),(-0.0010142685043926982-0.012661196475307149j),0.0011563831450272246,(0.0015568800085997718-0.03244422130938932j)
8.82,(0.0005423040765125597-0.04509264012242726j),(0.0010303142772125295-0.012649137956971012j),0.0010228219324991438,(-0.00048801020069996976-0.032443502165456245j)
8.8225,(0.0005419969100007089-0.04507986969648652j),(0.0022228615425160963-0.010104815590393444j),0.001052635857897945,(-0.0016808646325153875-0.03497505410609308j)
8.825000000000001,(0.0005416900043757257-0.04506710650072974j),(0.0038376983534611276-0.010399185522923635j),0.0010498658562919096,(-0.0032960083490854017-0.034667920977806105j)
8.8275,(0.0005413833593422691-0.04505435052901928j),(5.09865173494985e-05-0.008024271737624j),0.0011205075309612756,(0.0004903968419927707-0.03703007879139528j)
8.83,(0.0005410769746054325-0.04504160177522452j),(0.0015828576292505685-0.011563035235744208j),0.001076460658895406,(-0.001041780654645136-0.03347856653948031j)
8.8325,(0.0005407708498706928-0.04502886023322169j),(-0.001588155901879866-0.008276287767720403j),0.0012296991377362787,(0.002128926751750559-0.03675257246550129j)
8.835,(0.0005404649848439603-0.045016125896894035j),(0.0036193926964507655-0.01179120039019018j),0.0010708624711898418,(-0.003078927711606805-0.033224925506703855j)
8.8375,(0.0005401593792315574-0.045003398760131624j),(0.0004316242600687669-0.008217301483350724j),0.0011116632104061206,(0.00010853511916279052-0.0367860972767809j)
8.84,(0.0005398540327402588-0.044990678816831504j),(0.003624847044664742-0.010479999728916457j),0.0009899547525644918,(-0.0030849930119244834-0.034510679087915046j)
8.8425,(0.0005395489450771701-0.04497796606089756j),(0.000920038245755349-0.012024804189575935j),0.0009090084897509956,(-0.0003804893006781789-0.03295316187132162j)
8.845,(0.0005392441159498785-0.044965260486240624j),(0.001989935292241755-0.01429195222502504j),0.0012161843777947373,(-0.0014506911762918765-0.030673308261215584j)
8.8475,(0.0005389395450663704-0.044952562086778336j),(-0.0009271394087464782-0.010629657573025315j),0.0011808938314721675,(0.0014660789538128486-0.03432290451375302j)
8.85,(0.0005386352321350324-0.04493987085643526j),(-0.0003764282122136929-0.01117083794899082j),0.0010795646240849075,(0.0009150634443487254-0.03376903290744444j)
8.852500000000001,(0.0005383311768646697-0.04492718678914277j),(-0.0010382535132015974-0.00920659811773335j),0.0013662526739775117,(0.001576584690066267-0.035720588671409426j)
8.855,(0.0005380273789645066-0.04491450987883914j),(0.0074037964651372246-0.011222088973573794j),0.0009801449409779879,(-0.006865769086172718-0.03369242090526534j)
8.8575,(0.0005377238381441443-0.044901840119469405j),(-0.005305722636145912-0.009247631884547133j),0.0011254132974138674,(0.0058434464742900556-0.03565420823492227j)
8.86,(0.0005374205541136221-0.04488917750498551j),(0.000618918347039638-0.012241542624525594j),0.0010174455262301186,(-8.14977929260159e-05-0.032647634880459915j)
8.8625,(0.0005371175265834056-0.04487652202934615j),(0.0025911188156276274-0.010589670460138256j),0.0010151141018191867,(-0.002054001289044222-0.034286851569207896j)
8.865,(0.0005368147552643265-0.04486387368651686j),(0.0018501802745616838-0.009980680420016435j),0.001100490563022994,(-0.0013133655192973572-0.034883193266500426j)
8.8675,(0.0005365122398676423-0.044851232470469994j),(5.047113184297215e-06-0.009815665372246589j),0.001251247835260336,(0.0005314651266833451-0.035035567098223405j)
8.870000000000001,(0.0005362099801050351-0.044838598375184634j),(0.0007096111307602263-0.01152943258865947j),0.0011542462145362807,(-0.00017340115065519123-0.033309165786525166j)
8.8725,(0.0005359079756885718-0.04482597139464672j),(-0.000332824639047652-0.00805445586178882j),0.0010864196186826805,(0.0008687326147362238-0.0367715155328579j)
8.875,(0.0005356062263306927-0.04481335152284887j),(0.002411484102593991-0.013081057135705934j),0.0011257548760872785,(-0.0018758778762632982-0.03173229438714294j)
8.8775,(0.0005353047317443219-0.04480073875379055j),(0.004214954970591931-0.011229365604366449j),0.0010221291095006994,(-0.0036796502388476097-0.0335713731494241j)
8.88,(0.0005350034916427253-0.04478813308147788j),(0.0031745343238739356-0.008927714623896063j),0.0010382173426809547,(-0.0026395308322312103-0.03586041845758182j)
8.8825,(0.0005347025057396025-0.04477553449992388j),(0.0020982530328186007-0.012096267511419942j),0.0010853319281428088,(-0.0015635505270789982-0.03267926698850394j)
8.885,(0.0005344017737490227-0.04476294300314811j),(0.0010680125928419885-0.006243300362285013j),0.0011802933356781333,(-0.0005336108190929658-0.0385196426408631j)
8.887500000000001,(0.0005341012953854976-0.044750358585176994j),(0.0016416687241454346-0.006841403732278325j),0.001171759953925981,(-0.0011075674287599371-0.03790895485289867j)
8.89,(0.0005338010703639184-0.044737781240043586j),(-0.0009441127727092731-0.012759730006677229j),0.0011441603367301234,(0.0014779138430731915-0.03197805123336636j)
8.8925,(0.0005335010983995769-0.04472521096178769j),(-0.003814019139095264-0.013418629682952042j),0.0011254556407962943,(0.004347520237494841-0.03130658127883565j)
8.895,(0.0005332013792081638-0.0447126477444558j),(-0.003799676483972309-0.0108092957531524j),0.0010000772065402992,(0.004332877863180473-0.0339033519913034j)
8.8975,(0.0005329019125057387-0.044700091582101066j),(0.003378115619636692-0.013746696619234064j),0.0010074269000011884,(-0.0028452137071309533-0.030953394962867004j)
8.9,(0.0005326026980088687-0.044687542468783314j),(0.0023713327378256494-0.014894393478826698j),0.0010541714115557981,(-0.0018387300398167807-0.029793148989956615j)
8.9025,(0.0005323037354343797-0.04467500039856911j),(-0.00032231477783147775-0.008625408900466505j),0.0010639886182486956,(0.0008546185132658575-0.03604959149810261j)
8.905,(0.0005320050244995639-0.04466246536553156j),(0.0030852921561772845-0.004143961275749368j),0.0011713390025667356,(-0.0025532871316777204-0.04051850408978219j)
8.9075,(0.0005317065649221404-0.04464993736375052j),(0.005597843927141661-0.010454539663197504j),0.0012341445936487065,(-0.005066137362219521-0.03419539770055302j)
8.91,(0.0005314083564201535-0.04463741638731242j),(0.003960446192423836-0.006571021643255569j),0.0010553645792011762,(-0.0034290378360036823-0.03806639474405685j)
8.9125,(0.0005311103987120841-0.04462490243031033j),(-0.003418473260962916-0.012398459551365676j),0.0011671564454369546,(0.003949583659675-0.032226442878944654j)
8.915000000000001,(0.0005308126915168169-0.044612395486843974j),(0.0032032724692869735-0.01295809672169053j),0.001041926811265756,(-0.0026724597777701567-0.031654298765153445j)
8.9175,(0.0005305152345536011-0.04459989555101962j),(-3.277144313852599e-05-0.005493641361961758j),0.001161688026415033,(0.0005632866776921271-0.03910625418905786j)
8.92,(0.0005302180275420709-0.044587402616950246j),(0.0020232610445939147-0.00906384311984785j),0.0012630598070191685,(-0.0014930430170518438-0.0355235594971024j)
8.9225,(0.0005299210702023113-0.04457491667875527j),(-8.061239283866477e-06-0.006629811565787362j),0.0010578497311429344,(0.0005379823094861778-0.03794510511296791j)
8.925,(0.0005296243622547124-0.04456243773056083j),(0.000114226499814097-0.0097630300421543j),0.001121904054295988,(0.00041539786244061536-0.03479940768840653j)
8.9275,(0.0005293279034201646-0.044549965766499576j),(-0.0035334122211423077-0.009806378592429141j),0.0012555617796904017,(0.004062740124562472-0.03474358717407043j)
8.93,(0.0005290316934198507-0.044537500780710684j),(-0.0045698718892298535-0.009971531238713463j),0.0010951998775325723,(0.005098903582649705-0.03456596954199722j)
8.932500000000001,(0.0005287357319754048-0.044525042767340005j),(0.0032270656065941515-0.010681522416435408j),0.0011769919683425024,(-0.0026983298746187465-0.0338435203509046j)
8.935,(0.000528440018808771-0.0445125917205398j),(0.0007696964372364698-0.008230172946952219j),0.0011663604034907948,(-0.00024125641842769887-0.03628241877358758j)
8.9375,(0.0005281445536424226-0.04450014763446893j),(-0.0005717297428354-0.009871452549556068j),0.0012133217816337936,(0.0010998742964778226-0.03462869508491286j)
8.94,(0.0005278493361990736-0.044487710503292775j),(0.00018583986133320965-0.008022752646076488j),0.0012397295572526665,(0.00034200947486586397-0.03646495785721629j)
8.9425,(0.000527554366201897-0.044475280321183294j),(0.005727662050149894-0.009946742785810777j),0.0010903804381537472,(-0.005200107683947997-0.034528537535372515j)
8.945,(0.0005272596433744722-0.04446285708231883j),(-0.0003873724522880901-0.011843828104905474j),0.0011121515074847001,(0.0009146320956625623-0.03261902897741335j)
8.9475,(0.0005269651674406887-0.04445044078088433j),(-0.004622767934448015-0.011300800937584073j),0.0012468299999991571,(0.005149733101888704-0.03314963984330026j)
8.950000000000001,(0.0005266709381249112-0.04443803141107117j),(0.001637454294558931-0.012521585309539918j),0.0010166211652922726,(-0.0011107833564340198-0.03191644610153126j)
8.9525,(0.0005263769551518128-0.044425628967077274j),(0.003737785835541354-0.008466552554301864j),0.0010264945883404599,(-0.003211408880389541-0.03595907641277541j)
8.955,(0.0005260832182465114-0.04441323344310695j),(-0.0011263139126559867-0.011984075773847244j),0.0010274395007253655,(0.001652397130902498-0.0324291576692597j)
8.9575,(0.0005257897271344615-0.04440084483337106j),(0.0016691489064475156-0.007098484050955279j),0.0012001889762122645,(-0.001143359179313054-0.037302360782415785j)
8.96,(0.0005254964815415221-0.04438846313208686j),(6.114217376427163e-05-0.008389769748640459j),0.0011636946758639994,(0.0004643543077772505-0.0359986933834464j)
8.9625,(0.0005252034811939569-0.04437608833347808j),(-0.002474328540120408-0.006526635279072772j),0.0010416749880455282,(0.002999532021314365-0.037849453054405305j)
8.965,(0.000524910725818334-0.04436372043177486j),(-0.001162950512238445-0.012541129919624605j),0.001143432385023608,(0.001687861238056779-0.03182259051215026j)
8.9675,(0.0005246182151416844-0.04435135942121381j),(-0.0022859367631432445-0.009101036836319177j),0.0011263964647794432,(0.002810554978284929-0.03525032258489463j)
8.97,(0.0005243259488914025-0.04433900529603791j),(-0.0013628558725016537-0.010653061463955867j),0.000994959949652988,(0.0018871818213930561-0.033685943832082045j)
8.9725,(0.0005240339267952151-0.044326658050496584j),(0.0008214698320536727-0.01248324014555763j),0.0011550206130898453,(-0.0002974359052584576-0.031843417904938956j)
8.975,(0.0005237421485812903-0.04431431767884564j),(-0.002844310914687045-0.008676475051773618j),0.0011090766874518726,(0.003368053063268335-0.03563784262707202j)
8.977500000000001,(0.0005234506139781192-0.04430198417534733j),(0.0035597072220352913-0.008668510013842117j),0.0013393229821844926,(-0.003036256608057172-0.03563347416150521j)
8.98,(0.0005231593227146316-0.0442896575342702j),(0.0006033156850841831-0.008732218610830284j),0.0011228809636222117,(-8.015636236955142e-05-0.03555743892343992j)
8.9825,(0.0005228682745200692-0.04427733774988922j),(0.0005802012234621492-0.008561037477379742j),0.0009656775561290089,(-5.733294894207997e-05-0.03571630027250948j)
8.985,(0.0005225774691240927-0.044265024816485705j),(-0.001694853178542383-0.013573966414991444j),0.0012209014538665497,(0.002217430647666476-0.03069105840149426j)
8.9875,(0.0005222869062567034-0.044252718728347386j),(-0.0012433224056099773-0.008500693366979614j),0.0010371704309055853,(0.0017656093118666807-0.035752025361367776j)
8.99,(0.0005219965856483397-0.0442404194797683j),(-0.0033135677972381252-0.010228415788652424j),0.000915414767601618,(0.003835564382886465-0.03401200369111587j)
8.9925,(0.0005217065070297488-0.04422812706504877j),(0.0035063579171948247-0.0047120269337993575j),0.0008979614091901605,(-0.002984651410165076-0.03951610013124941j)
8.995000000000001,(0.0005214166701320866-0.04421584147849555j),(0.0006318259531223013-0.01011674636191723j),0.0010374519835968197,(-0.00011040928299021471-0.03409909511657832j)
8.9975,(0.000521127074686875-0.04420356271442166j),(0.0016513985509834126-0.007890803764174928j),0.001167362878341046,(-0.0011302714762965378-0.036312758950246736j)
9.0,(0.0005208377204260025-0.044191290767146375j),(-0.00017774236935849322-0.010557593993169016j),0.0011243751856752611,(0.0006985800897844957-0.03363369677397736j)
9.0025,(0.0005205486070817256-0.04417902563099543j),(-0.0005546699129753196-0.00909264158905952j),0.0011243077976171366,(0.0010752185200570454-0.03508638404193591j)
9.005,(0.0005202597343867045-0.04416676730030072j),(-0.004772499341935635-0.00956121905275267j),0.0009478645860610331,(0.005292759076322339-0.03460554824754805j)
9.0075,(0.0005199711020739255-0.04415451576940047j),(0.00010711139865521767-0.006261836131932204j),0.0016082875624473265,(0.00041285970341870784-0.03789267963746827j)
9.01,(0.0005196827098767796-0.04414227103263921j),(-0.0020700396138263336-0.00892016609341155j),0.0010386220110562324,(0.002589722323703113-0.03522210493922766j)
9.012500000000001,(0.0005193945575290113-0.04413003308436767j),(-0.0007036391595811002-0.011614224527907136j),0.0011466916690312055,(0.0012230337171101114-0.03251580855646054j)
9.015,(0.0005191066447647293-0.0441178019189429j),(0.003336970734378297-0.006319698270767866j),0.0011507371232585856,(-0.002817864089613568-0.037798103648175034j)
9.0175,(0.0005188189713184254-0.044105577530728184j),(-0.002808884902734773-0.009570581718232633j),0.0011155624190779532,(0.0033277038740531983-0.03453499581249555j)
9.02,(0.0005185315369249439-0.04409335991409304j),(0.004570741861900589-0.009731560032255586j),0.001180725515176636,(-0.004052210324975645-0.034361799881837456j)
9.0225,(0.0005182443413195113-0.04408114906341326j),(-0.0020888280845669347-0.012171563907914889j),0.0009658265541338321,(0.002607072425886446-0.03190958515549837j)
9.025,(0.0005179573842377157-0.044068944973070824j),(0.0017741020517796347-0.013851614422682576j),0.0008133931190931103,(-0.001256144667541919-0.03021733055038825j)
9.0275,(0.0005176706654154958-0.044056747637453895j),(-0.001735005592396299-0.011758012682401961j),0.0011189014324860557,(0.002252676257811795-0.032298734955051936j)
9.03,(0.0005173841845891914-0.04404455705095693j),(0.003114206201903863-0.008230677546449102j),0.0011556448508023077,(-0.0025968220173146718-0.03581387950450783j)
9.0325,(0.0005170979414954529-0.044032373207980514j),(-0.001970532776757369-0.005749722165427574j),0.00116076579241555,(0.002487630718252822-0.03828265104255294j)
9.035,(0.0005168119358713589-0.044020196102931466j),(-0.00014041342711534332-0.01182502357052298j),0.001190569820276487,(0.0006572253629867022-0.032195172532408486j)
9.0375,(0.0005165261674542883-0.04400802573022276j),(0.0012044458031899978-0.006396241595662583j),0.0011783585413467697,(-0.0006879196357357095-0.03761178413456018j)
9.040000000000001,(0.000516240635982048-0.04399586208427359j),(0.005838988879739136-0.00647225395526687j),0.0010101998892704902,(-0.005322748243757089-0.03752360812900672j)
9.0425,(0.000515955341192734-0.043983705159509265j),(-0.0013033222497300892-0.0070857535767448855j),0.0009759499954486891,(0.0018192775909228233-0.03689795158276438j)
9.045,(0.0005156702828248486-0.04397155495036128j),(-0.005413796143614194-0.011686908653823084j),0.0012777513713184221,(0.0059294664264390425-0.0322846462965382j)
9.0475,(0.0005153854606172809-0.043959411451267236j),(0.0056031970220139825-0.008573819023905398j),0.0010118657951600474,(-0.005087811561396702-0.035385592427361834j)
9.05,(0.0005151008743092083-0.04394727465667092j),(0.004815027441777932-0.013017286779303416j),0.0012710170213960155,(-0.004299926567468724-0.030929987877367504j)
9.0525,(0.0005148165236402525-0.04393514456102226j),(-0.0017563932760733538-0.009905411295863684j),0.0009529027244635869,(0.0022712097997136063-0.034029733265158575j)
9.055,(0.0005145324083502932-0.04392302115877727j),(-0.003303899900045281-0.008355168453295479j),0.0013018950872321186,(0.003818432308395574-0.03556785270548179j)
9.057500000000001,(0.000514248528179682-0.04391090444439808j),(0.0036754777781785254-0.008369785502489284j),0.0011028195852354529,(-0.0031612292499988435-0.0355411189419088j)
9.06,(0.0005139648828690186-0.04389879441235298j),(0.002445831510342974-0.009859209589021407j),0.0011496654688689801,(-0.0019318666274739554-0.034039584823331574j)
9.0625,(0.0005136814721593534-0.04388669105711627j),(0.003093576623882863-0.013226996842091556j),0.0011354727179482202,(-0.0025798951517235096-0.030659694215024715j)
9.065,(0.0005133982957920528-0.04387459437316843j),(-0.0015405229347801026-0.00997892530983364j),0.0011900819651613766,(0.0020539212305721553-0.03389566906333479j)
9.0675,(0.000513115353508816-0.04386250435499597j),(-0.00017127513098615915-0.013866119109589712j),0.0011446682309790488,(0.0006843904844949752-0.029996385245406255j)
9.07,(0.0005128326450517347-0.04385042099709148j),(-0.0009689310237341659-0.01026956846215743j),0.0013102319246970442,(0.0014817636687859007-0.03358085253493405j)
9.0725,(0.0005125501701632518-0.0438383442939536j),(-0.0011144797909799077-0.01033398765836704j),0.0009766794642140787,(0.0016270299611431595-0.033504356635586555j)
9.075000000000001,(0.0005122679285861142-0.04382627424008708j),(-0.002794297934940386-0.009489247030257345j),0.0010497162925013099,(0.0033065658635265-0.034337027209829736j)
9.0775,(0.0005119859200635268-0.04381421083000265j),(0.0009079476435214684-0.008734655083640158j),0.0011697206618902433,(-0.00039596172345794157-0.03507955574636249j)
9.08,(0.0005117041443389578-0.043802154058217115j),(0.0033856642067399117-0.006410947176857496j),0.0010318473650650637,(-0.002873960062400954-0.03739120688135962j)
9.0825,(0.0005114226011562645-0.043790103919253316j),(6.852515487486173e-05-0.014280792363573718j),0.001009281662922219,(0.00044289744628140277-0.029509311555679596j)
9.085,(0.0005111412902596153-0.04377806040764012j),(0.0006538049495003248-0.009801233377897536j),0.0009969786774157467,(-0.00014266365924070956-0.033976827029742585j)
9.0875,(0.0005108602113936154-0.04376602351791239j),(-0.0002028439632772542-0.003973945248787671j),0.00131528488860118,(0.0007137041746708697-0.03979207826912472j)
9.09,(0.0005105793643031216-0.04375399324461099j),(0.0011221232251845295-0.010465952487452064j),0.0010336451811923783,(-0.0006115438608814079-0.033288040757158924j)
9.0925,(0.0005102987487334166-0.04374196958228279j),(0.00045904477367779737-0.011969388961217556j),0.0011334578299014848,(5.125397505561922e-05-0.031772580621065236j)
9.095,(0.0005100183644300929-0.04372995252548069j),(0.0033823629131274277-0.009174591245568341j),0.0010448480580042027,(-0.0028723445486973347-0.03455536127991235j)
9.0975,(0.0005097382111390992-0.043717942068763505j),(7.41359449174392e-05-0.010551097379341234j),0.0010672664220820697,(0.00043560226622166-0.03316684468942227j)
9.1,(0.0005094582886067611-0.043705938206696084j),(0.003551078105767767-0.014011921412297653j),0.0011114677726947375,(-0.003041619817161006-0.029694016794398433j)
9.102500000000001,(0.0005091785965797206-0.04369394093384918j),(-0.002376817099064787-0.008196311442514589j),0.0011799953884465602,(0.002885995695644508-0.03549762949133459j)
9.105,(0.0005088991348049377-0.04368195024479957j),(0.002118680611581723-0.009628370985447667j),0.0013061867072793705,(-0.0016097814767767854-0.0340535792593519j)
9.1075,(0.000508619903029814-0.04366996613412993j),(-0.0008267139901393586-0.0054772163514885865j),0.000954325916531846,(0.0013353338931691725-0.03819274978264134j)
9.11,(0.0005083409010020092-0.043657988596428894j),(0.0008527366936734864-0.005430577955216516j),0.001184476907293262,(-0.0003443957926714771-0.03822741064121238j)
9.1125,(0.0005080621284695665-0.043646017626291014j),(-0.0016075084218187042-0.007746262135725175j),0.001229994435193675,(0.0021155705502882705-0.035899755490565836j)
9.115,(0.0005077835851808727-0.0436340532183168j),(0.0011757857416843675-0.00859633704804187j),0.0011232685844567842,(-0.0006680021565034948-0.03503771617027493j)
9.1175,(0.0005075052708846488-0.04362209536711264j),(0.0038789496399782-0.014274476508877452j),0.001073085938776295,(-0.003371444369093551-0.029347618858235187j)
9.120000000000001,(0.0005072271853299694-0.04361014406729089j),(-0.0016919301778751744-0.011943571867838747j),0.0011790805749986183,(0.0021991573632051437-0.031666572199452146j)
9.1225,(0.0005069493282662504-0.04359819931346973j),(-0.00016462653267008143-0.005218756737677917j),0.0010722540332179723,(0.0006715758609363318-0.03837944257579181j)
9.125,(0.0005066716994432507-0.04358626110027328j),(-0.001962234171215112-0.013392688980951025j),0.0010953326600077673,(0.0024689058706583627-0.030193572119322252j)
9.1275,(0.0005063942986110704-0.0435743294223315j),(0.0024763529933816172-0.009076899635358538j),0.0011557661934291578,(-0.0019699586947705466-0.03449742978697296j)
9.13,(0.0005061171255201522-0.04356240427428032j),(0.00283583662170985-0.011005364402024011j),0.0012696502635456258,(-0.002329719496189698-0.032557039872256305j)
9.1325,(0.0005058401799212776-0.04355048565076143j),(-0.0013333135599573943-0.008275783855184665j),0.0009716521893363032,(0.0018391537398786718-0.03527470179557676j)
9.135,(0.0005055634615655796-0.04353857354642244j),(0.00039943085169701667-0.008684504941312515j),0.0012806694141437832,(0.00010613260986856292-0.03485406860510992j)
9.137500000000001,(0.0005052869702045019-0.04352666795591682j),(0.0027325253708001913-0.008874833929912286j),0.0010145103461168382,(-0.0022272384005956893-0.03465183402600454j)
9.14,(0.000505010705589875-0.043514768873903834j),(-0.0015698970958710748-0.00982965771990787j),0.001152295961031936,(0.0020749078014609497-0.033685111153995966j)
9.1425,(0.0005047346674738307-0.04350287629504861j),(0.0025265432522308695-0.010045094235335558j),0.0011642415782544496,(-0.0020218085847570387-0.03345778205971306j)
9.145,(0.0005044588556088387-0.04349099021402212j),(0.0012123639702073595-0.004627483394057263j),0.0010005611574463438,(-0.0007079051145985208-0.03886350681996486j)
9.1475,(0.0005041832697477454-0.04347911062550112j),(0.00010376642646041305-0.00987854634682948j),0.0012762796310352756,(0.00040041684328733233-0.03360056427867164j)
9.15,(0.0005039079096436968-0.04346723752416825j),(0.0011081184736743842-0.007949801267391211j),0.0011216992283756557,(-0.0006042105640306874-0.03551743625677704j)
9.1525,(0.0005036327750501845-0.04345537090471183j),(-0.0016847430641424126-0.011824785214676439j),0.001136907734313228,(0.002188375839192597-0.03163058569003539j)
9.155,(0.0005033578657210374-0.0434435107618261j),(-0.00036125045795907314-0.01093044022228252j),0.0012303758200290667,(0.0008646083236801105-0.03251307053954358j)
9.1575,(0.0005030831814104305-0.04343165709021105j),(0.0022342877321666257-0.008477218841417777j),0.001064857198180125,(-0.001731204550756195-0.034954438248793275j)
9.16,(0.0005028087218728542-0.04341980988457239j),(0.0009030844861889992-0.011283785366427875j),0.001026098866921162,(-0.00040027576431614495-0.03213602451814451j)
9.1625,(0.0005025344868631451-0.04340796913962168j),(0.0015207660262998492-0.00920643444580048j),0.0011764906923143249,(-0.0010182315394367042-0.0342015346938212j)
9.165000000000001,(0.0005022604761364931-0.043396134850076235j),(0.0023117487438122854-0.010846911882515279j),0.0012744040534861153,(-0.0018094882676757923-0.03254922296756096j)
9.1675,(0.0005019866894484029-0.043384307010659075j),(0.0011308752649155122-0.01432692327644342j),0.0011410404876378278,(-0.0006288885754671093-0.029057383734215653j)
9.17,(0.0005017131265546848-0.043372485616099014j),(0.0015055107510786039-0.0076730527128683395j),0.0010418610257060318,(-0.001003797624523919-0.035699432903230674j)
9.1725,(0.0005014397872115305-0.04336067066113059j),(0.003702275032416774-0.004386492423773739j),0.0013414925117912681,(-0.0032008352452052432-0.038974178237356855j)
9.175,(0.0005011666711754263-0.043348862140494104j),(-0.0019615815848726846-0.0077032193834014355j),0.001081230079642926,(0.002462748256048111-0.03564564275709267j)
9.1775,(0.0005008937782032193-0.04333706004893554j),(0.0020749749844593372-0.008331592724268408j),0.0010911375693835707,(-0.0015740812062561178-0.03500546732466713j)
9.18,(0.0005006211080520606-0.04332526438120663j),(0.001268225313793884-0.005379187985715654j),0.0012663045215997293,(-0.0007676042057418235-0.037946076395490975j)
9.182500000000001,(0.000500348660479471-0.04331347513206481j),(0.004875440832291631-0.0063511556402104765j),0.00113089993986547,(-0.0043750921718121605-0.03696231949185433j)
9.185,(0.0005000764352432542-0.043301692296273175j),(-0.0019876248193233127-0.00799654054934444j),0.0010507251470496574,(0.0024877012545665668-0.035305151746928734j)
9.1875,(0.0004998044321015645-0.043289915868600606j),(-0.00245662347106388-0.007903736131607228j),0.001260829001676955,(0.0029564279031654445-0.03538617973699338j)
9.19,(0.0004995326508128856-0.04327814584382157j),(-0.0015290605139173538-0.012788509166121398j),0.0013747047688644231,(0.0020285931647302394-0.030489636677700174j)
9.1925,(0.0004992610911360319-0.04326638221671631j),(0.0015266146508759457-0.005875715423345497j),0.0012242651756419528,(-0.0010273535597399139-0.037390666793370816j)
9.195,(0.0004989897528301369-0.043254624982070666j),(-0.0005485739052024885-0.004860129162283376j),0.0012321324359619876,(0.0010475636580326254-0.03839449581978729j)
9.1975,(0.0004987186356546638-0.04324287413467617j),(0.0007477225381614991-0.00794056176493773j),0.0011878044069817786,(-0.00024900390250683535-0.03530231236973844j)
9.200000000000001,(0.0004984477393694128-0.04323112966932999j),(0.0006867469700041416-0.0046741169463301565j),0.0009954856995369303,(-0.00018829923063472882-0.03855701272299983j)
9.2025,(0.0004981770637345034-0.04321939158083498j),(0.0016704273554769794-0.005809230121530173j),0.0009264154430429959,(-0.001172250291742476-0.03741016145930481j)
9.205,(0.0004979066085103735-0.043207659863999645j),(-0.00708809563161135-0.009375785990990712j),0.0013639958519071802,(0.007586002240121723-0.033831873873008934j)
9.2075,(0.0004976363734577866-0.043195934513638026j),(0.00044005968493688983-0.007636851505069081j),0.0013145255226943164,(5.7576688520896756e-05-0.03555908300856894j)
9.21,(0.0004973663583378345-0.043184215524569906j),(-0.0037613294030418255-0.007127194636626646j),0.0009300058039734885,(0.00425869576137966-0.03605702088794326j)
9.2125,(0.0004970965629119539-0.04317250289162064j),(-0.0020038041975271805-0.009503400590211913j),0.001041684606095547,(0.0025009007604391343-0.033669102301408724j)
9.215,(0.000496826986941878-0.04316079660962114j),(0.0016788581647703583-0.011472620482994038j),0.0011812945670042633,(-0.0011820311778284803-0.0316881761266271j)
9.2175,(0.0004965576301896567-0.043149096673408j),(0.00040031862434105546-0.007662860395799576j),0.0012271415332380576,(9.62390058486012e-05-0.03548623627760843j)
9.22,(0.000496288492417684-0.04313740307782341j),(-0.00042697599872836174-0.0067176751810154j),0.0011671397149851353,(0.0009232644911460457-0.036419727896808016j)
9.2225,(0.0004960195733886584-0.043125715817715064j),(-0.0021272870558743415-0.009606123008431165j),0.001116220445593047,(0.002623306629263-0.0335195928092839j)
9.225,(0.0004957508728656323-0.04311403488793634j),(0.0035969166869040015-0.006422354509206672j),0.0010076263335155194,(-0.003101165814038369-0.03669168037872966j)
9.227500000000001,(0.0004954823906119426-0.0431023602833461j),(-0.004676909663160788-0.00841254375252591j),0.0011047835394434717,(0.005172392053772731-0.03468981653082019j)
9.23,(0.0004952141263912498-0.0430906919988088j),(-0.00014289875814342637-0.005768847791488193j),0.0011144839166218564,(0.0006381128845346761-0.037321844207320605j)
9.2325,(0.0004949460799675469-0.04307903002919449j),(0.002187969661234313-0.008715242706820515j),0.0010445300290511635,(-0.0016930235812667662-0.034363787322373975j)
9.235,(0.000494678251105149-0.04306737436937872j),(0.0020193030927553824-0.004369795680997668j),0.0012791737197689916,(-0.0015246248416502335-0.03869757868838105j)
9.2375,(0.0004944106395686933-0.043055725014242624j),(-0.0025079419776391767-0.008233833378395507j),0.0009395254638290194,(0.00300235261720787-0.03482189163584712j)
9.24,(0.0004941432451231099-0.043044081958672854j),(-0.0017159817988219883-0.005441831899889318j),0.0012090957864914315,(0.0022101250439450983-0.03760225005878354j)
9.2425,(0.0004938760675336682-0.04303244519756153j),(-0.0012344913899457587-0.005665169130535472j),0.0011052890709963368,(0.001728367457479427-0.03736727606702606j)
9.245000000000001,(0.0004936091065659311-0.04302081472580642j),(0.004971388492603515-0.009231893070481827j),0.0009262033983489352,(-0.004477779386037583-0.03378892165532459j)
9.2475,(0.0004933423619858283-0.04300919053831068j),(0.0010816244115307116-0.009228722420489496j),0.0012694450356728628,(-0.0005882820495448834-0.03378046811782119j)
9.25,(0.0004930758335595524-0.04299757262998307j),(0.0017748229897383404-0.007780688249379474j),0.0011724797930776714,(-0.001281747156178788-0.035216884380603594j)
9.2525,(0.0004928095210536338-0.042985960995737725j),(0.0010525756266564486-0.006263324780816914j),0.001068715622437606,(-0.0005597661056028147-0.03672263621492081j)
9.255,(0.0004925434242349136-0.042974355630494405j),(0.003906888392728469-0.009934261231912182j),0.0011629069443967785,(-0.003414344968493556-0.03304009439858222j)
9.2575,(0.0004922775428705888-0.0429627565291783j),(-0.000603875287254251-0.00913833607201323j),0.0011673757711260775,(0.00109615283012484-0.03382442045716507j)
9.26,(0.0004920118767280593-0.04295116368672002j),(0.004976437460018239-0.008559598795815231j),0.0013463037751452092,(-0.004484425583290179-0.034391564890904794j)
9.262500000000001,(0.0004917464255751867-0.042939577098055716j),(0.0004667347783099882-0.00415328917161477j),0.0013590782813288813,(2.5011647265198492e-05-0.03878628792644095j)
9.265,(0.0004914811891800257-0.04292799675812699j),(0.0024686151824289473-0.009917171140302385j),0.0011486813593801748,(-0.0019771339932489218-0.033010825617824605j)
9.2675,(0.0004912161673110049-0.04291642266188087j),(-0.0018312907609545801-0.009303884943875051j),0.001383360466366828,(0.0023225069282655853-0.03361253771800582j)
9.27,(0.0004909513597368306-0.0429048548042698j),(0.000548097264128989-0.006288554947992626j),0.001097049315220431,(-5.714590439215837e-05-0.03661629985627718j)
9.2725,(0.0004906867662265452-0.04289329318025178j),(-0.0021777331728278755-0.005538340246242361j),0.0011635892721998796,(0.0026684199390544206-0.037354952934009415j)
9.275,(0.0004904223865495246-0.04288173778479011j),(-0.0009778786101477502-0.009213538293376285j),0.001344837635158143,(0.0014683009966972747-0.03366819949141382j)
9.2775,(0.0004901582204753938-0.04287018861285358j),(0.00043847104688242737-0.006021702744754905j),0.0010281086404687516,(5.168717359296641e-05-0.03684848586809867j)
9.28,(0.0004898942677741397-0.04285864565941637j),(0.0001946768320965582-0.003794980416382885j),0.0008295590778698254,(0.00029521743567758154-0.03906366524303349j)
9.2825,(0.0004896305282160167-0.04284710891945815j),(-0.0027502736755511997-0.009238871043802175j),0.0012456212739478255,(0.0032399042037672167-0.03360823787565598j)
9.285,(0.0004893670015716301-0.04283557838796386j),(0.004396579015650711-0.005048429209323563j),0.0011191041288621402,(-0.003907212014079081-0.037787149178640296j)
9.2875,(0.0004891036876118703-0.0428240540599239j),(0.0012193735743767629-0.006178160140364458j),0.0011210322481409205,(-0.0007302698867648926-0.03664589391955944j)
9.290000000000001,(0.0004888405861079414-0.04281253593033411j),(0.0012127481393184156-0.0057445063043957845j),0.0010106895075341724,(-0.0007239075532104742-0.037068029625938324j)
9.2925,(0.0004885776968313404-0.042801023994195615j),(0.005817374322151836-0.008436112894500537j),0.001127510175260291,(-0.005328796625320495-0.03436491109969508j)
9.295,(0.0004883150195539054-0.042789518246514974j),(0.004071517319133368-0.009788188665426292j),0.001032226351079644,(-0.003583202299579463-0.03300132958108868j)
9.2975,(0.0004880525540477479-0.04277801868230411j),(-0.0010685477065722662-0.00915799468238127j),0.0012153261002617575,(0.001556600260620014-0.03362002399992284j)
9.3,(0.0004877903000853006-0.04276652529658025j),(0.003927565027694744-0.005827885580891756j),0.0010719433468012773,(-0.0034397747276094437-0.0369386397156885j)
9.3025,(0.0004875282574393069-0.042755038084366044j),(0.003206034084367514-0.007780082024264873j),0.0010700460339172879,(-0.002718505826928207-0.03497495606010117j)
9.305,(0.0004872664258827924-0.04274355704068943j),(-3.291748758050595e-05-0.0059041673820972905j),0.0011495722233511522,(0.0005201839134632983-0.03683938965859214j)
9.307500000000001,(0.0004870048051891026-0.04273208216058375j),(-8.867324896775775e-06-0.003231338386584628j),0.0012382652592438624,(0.0004958721300858783-0.03950074377399913j)
9.31,(0.0004867433951319017-0.0427206134390876j),(0.0009105608716709816-0.00310848909044944j),0.001117505891971272,(-0.00042381747653907995-0.03961212434863816j)
9.3125,(0.00048648219548514456-0.04270915087124494j),(-0.00018175170705863347-0.002872558930794178j),0.0010978829326716572,(0.0006682339025437781-0.03983659194045076j)
9.315,(0.0004862212060230662-0.042697694452105035j),(0.0012894725938464348-0.00020392674424524096j),0.0011181905072010832,(-0.0008032513878233685-0.04249376770785979j)
9.3175,(0.00048596042652023863-0.04268624417672244j),(-0.0008179893483524173-0.005271502463067624j),0.0011464293386736842,(0.001303949774872656-0.03741474171365482j)
9.32,(0.00048569985675152343-0.04267480004015707j),(0.005470407983968362-0.002341493553903734j),0.0011757848261342491,(-0.004984708127216839-0.040333306486253336j)
9.3225,(0.0004854394964920896-0.04266336203747409j),(0.001914346165863371-0.004771368524877101j),0.001157781589727087,(-0.0014289066693712812-0.03789199351259699j)
9.325000000000001,(0.00048517934551737494-0.042651930163743926j),(0.003482487849626698-0.0037335427608668256j),0.0010362304509089133,(-0.002997308504109323-0.0389183874028771j)
9.3275,(0.00048491940360319177-0.04264050441404237j),(-0.003924874302697428-0.005746703983263253j),0.001154270872943694,(0.00440979370630062-0.03689380043077912j)
9.33,(0.00048465967052555313-0.04262908478345038j),(-0.0013307922414573375-0.0037030958121516033j),0.0010845494875364346,(0.0018154519119828907-0.03892598897129877j)
9.3325,(0.000484400146060855-0.04261767126705427j),(0.0024421050050924572-0.004408433764940388j),0.001041135483369116,(-0.001957704859031602-0.038209237502113885j)
9.335,(0.0004841408299857418-0.04260626385994558j),(-0.002173604922092224-0.008805627650418897j),0.0011639151817281566,(0.002657745752077966-0.03380063620952668j)
9.3375,(0.0004838817220772104-0.04259486255722105j),(-0.001615639582043608-0.005576826171132798j),0.00112655947387894,(0.0020995213041208184-0.037018036386088256j)
9.34,(0.0004836228221124873-0.04258346735398279j),(0.005341449811198237-0.0024221813124462267j),0.0009898193325952082,(-0.00485782698908575-0.04016128604153656j)
9.3425,(0.0004833641298691314-0.04257207824533802j),(-0.002437187782316554-0.0040180195695574935j),0.0011773831797214347,(0.0029205519121856855-0.038554058675780524j)
9.345,(0.00048310564512501515-0.04256069522639924j),(0.0009560195471281565-0.006268722624082427j),0.001068009685325233,(-0.00047291390200314133-0.03629197260231681j)
9.3475,(0.000482847367658277-0.042549318292284186j),(-0.0003265065500333794-0.004148074678745803j),0.0013226581585968366,(0.0008093539176916565-0.03840124361353838j)
9.35,(0.00048258929724739636-0.042537947438115814j),(-0.0015844595350349142-0.006354229041431157j),0.0010656493439382588,(0.0020670488322823105-0.036183718396684654j)
9.352500000000001,(0.00048233143367107075-0.042526582659022275j),(-0.0007190069962305793-0.008444455885895244j),0.0011262653164428407,(0.00120133842990165-0.03408212677312703j)
9.355,(0.00048207377670838475-0.04251522395013692j),(0.0005551182271574587-0.006631369356299999j),0.001077749330794906,(-7.304445044907396e-05-0.03588385459383692j)
9.3575,(0.0004818163261386686-0.04250387130659831j),(0.0006403769048626784-0.005359928596327666j),0.001271079257219309,(-0.00015856057872400977-0.03714394271027064j)
9.36,(0.00048155908174151644-0.04249252472355017j),(-0.0006755037216509888-0.0041628171721962955j),0.001147610674255197,(0.0011570628033925052-0.03832970755135387j)
9.3625,(0.00048130204329688937-0.04248118419614142j),(0.001741537779872851-0.008334380537713633j),0.0009715242495944035,(-0.0012602357365759616-0.03414680365842779j)
9.365,(0.00048104521058501225-0.04246984971952619j),(0.0010765843526866885-0.004677421788171349j),0.0010350853520934146,(-0.0005955391421016762-0.037792427931354844j)
9.3675,(0.00048078858338633447-0.04245852128886371j),(-7.643053476918766e-05-0.0042941359467233335j),0.0012675315628986467,(0.0005572191181555221-0.038164385342140374j)
9.370000000000001,(0.00048053216148172853-0.04244719889931844j),(-0.0002056701540055184-0.006037853775888921j),0.0012357733376600491,(0.0006862023154872469-0.03640934512342952j)
9.3725,(0.00048027594465228126-0.04243588254605994j),(0.005516355624719204-0.01128093812118243j),0.0012220614599331998,(-0.005036079680066923-0.031154944424877512j)
9.375,(0.000480019932679323-0.04242457222426296j),(-0.003953207503037969-0.003051022546447474j),0.0011088935614874994,(0.004433227435717292-0.03937354967781549j)
9.3775,(0.0004797641253445858-0.042413267929107365j),(0.0011527194591095056-0.006820039741897654j),0.0012678457797464225,(-0.0006729553337649198-0.03559322818720971j)
9.38,(0.0004795085224300446-0.04240196965577818j),(0.0034089649362043263-0.0034733867136617614j),0.0010481340071612963,(-0.0029294564137742818-0.038928582942116416j)
9.3825,(0.00047925312371789613-0.042390677399465504j),(0.002439394760846664-0.008084543153208735j),0.0011236070735252512,(-0.001960141637128768-0.03430613424625677j)
9.385,(0.00047899792899076745-0.04237939115536459j),(-0.0034623427412156637-0.0058132019829104375j),0.0010500263158058376,(0.003941340670206431-0.036566189172454154j)
9.387500000000001,(0.00047874293803145144-0.042368110918675865j),(-0.003564959999454064-0.009612423148256402j),0.001089436499032597,(0.004043702937485516-0.03275568777041946j)
9.39,(0.0004784881506230747-0.04235683668460475j),(0.0021114005067096797-0.005475586645308736j),0.0010282886947553282,(-0.001632912356086605-0.036881250039296015j)
9.3925,(0.00047823356654907957-0.042345568448361806j),(0.0005649966268362793-0.004825147190918508j),0.0009821043874083718,(-8.676306028719972e-05-0.0375204212574433j)
9.395,(0.00047797918559314845-0.04233430620516273j),(-0.0031417372034953568-0.00663835082873628j),0.0012603417381295316,(0.003619716389088505-0.03569595537642645j)
9.3975,(0.000477725007539288-0.04232304995022829j),(0.0006247684998896665-0.008605084461331026j),0.0011880956870488069,(-0.00014704349235037848-0.033717965488897265j)
9.4,(0.0004774710321717809-0.04231179967878431j),(0.002323493119154633-0.00864769707310571j),0.001138353697349144,(-0.001846022086982852-0.0336641026056786j)
9.4025,(0.00047721725927514876-0.04230055538606169j),(0.00214942584112745-0.004737055609489162j),0.0010886777042541625,(-0.0016722085818523015-0.03756349977657253j)
9.405,(0.0004769636886342919-0.04228931706729638j),(0.0017972476407012534-0.004717905276907176j),0.001239601402052165,(-0.0013202839520669615-0.0375714117903892j)
9.4075,(0.0004767103200343405-0.04227808471772946j),(-0.001919014489834947-0.005180585506975061j),0.0009572840827514129,(0.0023957248098692876-0.0370974992107544j)
9.41,(0.00047645715326067966-0.04226685833260697j),(-0.0006158439154451704-0.0034258447834051055j),0.0011409235791073802,(0.00109230106870585-0.03884101354920186j)
9.4125,(0.00047620418809907336-0.042255637907180066j),(-0.0024892109405923566-0.005031810362321092j),0.0011606038000036584,(0.00296541512869143-0.03722382754485897j)
9.415000000000001,(0.0004759514243354565-0.04224442343670491j),(0.0018737802132268563-0.009497978341991528j),0.0010878216544017467,(-0.0013978287888914-0.03274644509471338j)
9.4175,(0.0004756988617561415-0.04223321491644275j),(0.003438232690661214-0.004147127551232412j),0.0011691727262690146,(-0.0029625338289050725-0.03808608736521034j)
9.42,(0.0004754465001476758-0.042222012341659745j),(0.001389742203568121-0.004058631157810143j),0.0012239409295324967,(-0.0009142957034204451-0.038163381183849605j)
9.4225,(0.00047519433929689973-0.04221081570762716j),(0.0019890045980178375-0.004349753339231644j),0.0013679593263620643,(-0.0015138102587209377-0.03786106236839551j)
9.425,(0.00047494237899093635-0.042199625009621294j),(0.0017691804015090918-0.005516277402997486j),0.0010169022052001573,(-0.0012942380225181554-0.03668334760662381j)
9.4275,(0.0004746906190172087-0.042188440242923425j),(-0.0005102997859760274-0.006942666567049473j),0.0011444154228013865,(0.000984990404993236-0.035245773675873955j)
9.43,(0.0004744390591633738-0.04217726140281974j),(0.001999250535785121-0.0005270150152468817j),0.0010533512778407048,(-0.0015248114766217471-0.041650246387572865j)
9.432500000000001,(0.0004741876992174273-0.042166088484601565j),(-0.0015135813821118588-0.0020025855370545817j),0.00089233682146413,(0.001987769081329286-0.04016350294754698j)
9.435,(0.00047393653896758903-0.04215492148356516j),(0.0003670017729354167-0.006073851556374227j),0.0009784216444199765,(0.00010693476603217231-0.03608106992719093j)
9.4375,(0.0004736855782024427-0.04214376039501167j),(0.0007927803279351509-0.006102836090643208j),0.001178308119087145,(-0.0003190947497327082-0.03604092430436846j)
9.44,(0.00047343481671075014-0.04213260521424736j),(0.0032945579228186765-0.007061657987811716j),0.0013556450551653115,(-0.0028211231061079263-0.035070947226435646j)
9.4425,(0.00047318425428161803-0.042121455936583396j),(7.188998320259432e-05-0.005408049013907956j),0.0010839724927997167,(0.0004012942710790237-0.03671340692267544j)
9.445,(0.000472933890704404-0.04211031255733589j),(-0.00013556711532648234-0.005636938163531323j),0.0013113518909259026,(0.0006085010060308863-0.03647337439380457j)
9.4475,(0.0004726837257687632-0.04209917507182591j),(-0.00018210720936134088-0.005792617524007828j),0.0009879701141425267,(0.000654790935130104-0.03630655754781808j)
9.450000000000001,(0.0004724337592646205-0.04208804347537949j),(0.0042465660093173796-0.009102015903568319j),0.0010355919726257286,(-0.0037741322500527592-0.03298602757181117j)
9.4525,(0.0004721839909821693-0.042076917763327615j),(-0.0009671813169682244-0.00450026658624732j),0.0009730752095422489,(0.0014393653079503937-0.0375766511770803j)
9.455,(0.0004719344207119183-0.04206579793100616j),(0.0007465109500165027-0.005590138206633329j),0.0011140558313835626,(-0.0002745765293045844-0.03647565972437283j)
9.4575,(0.00047168504824459696-0.04205468397375594j),(-0.0026564912298718203-0.00659907589783596j),0.0010091730796058566,(0.0031281762781164174-0.03545560807591998j)
9.46,(0.0004714358733712317-0.042043575886922736j),(-0.0013722184654059767-0.006502056063313187j),0.0012515065781168485,(0.0018436543387772085-0.03554151982360955j)
9.4625,(0.00047118689588315294-0.04203247366585721j),(-0.0006367244647797985-0.0032394943389522845j),0.0012473797639858072,(0.0011079113606629514-0.038792979326904925j)
9.465,(0.00047093811557194856-0.04202137730591491j),(0.0031627902437593287-0.0035378215924947265j),0.0011104046985860726,(-0.00269185212818738-0.03848355571342019j)
9.4675,(0.0004706895322294359-0.0420102868024563j),(0.0021715523896600826-0.00311358311162632j),0.0011568909406399657,(-0.0017008628574306467-0.038896703690829974j)
9.47,(0.0004704411456477831-0.04199920215084675j),(0.0015367183047689087-0.004064869686136988j),0.001100117692973172,(-0.0010662771591211256-0.037934332464709765j)
9.4725,(0.0004701929556194148-0.041988123346456574j),(8.031807991250436e-05-0.007212844072982671j),0.0009589157869494684,(0.00038987487570691043-0.0347752792734739j)
9.475,(0.0004699449619369641-0.0419770503846608j),(-0.0023562446709736572-0.0033867781507083933j),0.0011064146018112298,(0.0028261896329106213-0.03859027223395241j)
9.477500000000001,(0.0004696971643934151-0.04196598326083954j),(0.00022303934551460913-0.005740658094005035j),0.001057148181300276,(0.00024665781887880597-0.03622532516683451j)
9.48,(0.0004694495627819962-0.0419549219703776j),(-0.001939512269293122-0.006616007756082042j),0.0010142451808763935,(0.0024089618320751183-0.03533891421429555j)
9.4825,(0.00046920215689619265-0.041943866508664766j),(0.001349435212133946-0.003671041997949036j),0.0010715653126850192,(-0.0008802330552377534-0.03827282451071573j)
9.485,(0.00046895494652979036-0.04193281687109565j),(-0.0035696110996816474-0.00218967996104064j),0.0010028083946482078,(0.004038566046211438-0.03974313691005501j)
9.4875,(0.00046870793147681984-0.041921773053069655j),(-0.0028469339847878093-0.010188294206914195j),0.0010792085424962377,(0.003315641916264629-0.03173347884615546j)
9.49,(0.0004684611115316134-0.04191073504999111j),(-0.003994369310382138-0.006411634585884951j),0.0009595846707291126,(0.004462830421913751-0.03549910046410616j)
9.4925,(0.0004682144864887377-0.041899702857269135j),(-0.0005436808565786302-0.00543356121530936j),0.0010268188648628134,(0.001011895343067368-0.03646614164195978j)
9.495000000000001,(0.00046796805614305947-0.041888676470317666j),(-0.0002547058173402061-0.008531406468914973j),0.0011858878643085367,(0.0007226738734832656-0.03335727000140269j)
9.4975,(0.00046772182028970865-0.041877655884555554j),(-0.0002633268989732675-0.006474763866760329j),0.0011803229818448775,(0.0007310487192629762-0.03540289201779522j)
9.5,(0.00046747577872406615-0.04186664109540632j),(0.003479647358223318-0.008736903495530132j),0.0009489087670022902,(-0.0030121715794992517-0.03312973759987618j)
9.5025,(0.0004672299312418042-0.041855632098298436j),(0.0003127090592342241-0.008973010684329232j),0.0012433180818491782,(0.00015452087200758008-0.03288262141396921j)
9.505,(0.00046698427763884614-0.041844628888665095j),(0.0009475991396371328-0.0055300089642907994j),0.0011094375564269473,(-0.0004806148619982867-0.03631461992437429j)
9.5075,(0.0004667388177114044-0.04183363146194433j),(0.002215803338741776-0.006453143119205702j),0.0010662129967303003,(-0.0017490645210303717-0.03538048834273863j)
9.51,(0.0004664935512559239-0.04182263981357894j),(0.004170143752868503-0.0006571839242194664j),0.0009693298108659333,(-0.0037036502016125792-0.04116545588935948j)
9.512500000000001,(0.00046624847806916607-0.04181165393901655j),(0.003655430715086057-0.006843340837557341j),0.001003122976868583,(-0.003189182237016891-0.03496831310145921j)
9.515,(0.00046600359794812384-0.041800673833709515j),(-0.004054801933599996-0.006314656567006404j),0.0011481717162906693,(0.00452080553154812-0.03548601726670311j)
9.5175,(0.00046575891069006864-0.04178969949311499j),(-0.0009458993696361429-0.0012952203753109537j),0.000993282786383903,(0.0014116582803262116-0.04049447911780404j)
9.52,(0.00046551441609252154-0.041778730912694906j),(-0.003828643575074934+0.0008974122361457476j),0.0008863486254978839,(0.004294157991167455-0.042676143148840655j)
9.5225,(0.00046527011395329997-0.04176776808791594j),(0.0024076655744200287-0.003627608652774606j),0.0012004072394994402,(-0.0019423954604667287-0.03814015943514133j)
9.525,(0.000465026004070461-0.041756811014249516j),(-0.0005526147272435497-0.005173101096600218j),0.001241630661248529,(0.0010176407313140106-0.036583709917649296j)
9.5275,(0.0004647820862423293-0.041745859687171843j),(0.0016812689762163604-0.00015476980268138576j),0.0009101017193794325,(-0.0012164868899740312-0.04159108988449046j)
9.53,(0.0004645383602675059-0.04173491410216384j),(-0.0015595582053324274-0.0042769624008652755j),0.001177957152035669,(0.002024096565599933-0.037457951701298564j)
9.5325,(0.0004642948259448494-0.041723974254711166j),(-0.00193541026503947-0.003529214246851274j),0.001186052962527398,(0.0023997050909843193-0.038194760007859895j)
9.535,(0.00046405148307348447-0.04171304014030422j),(-0.0035681939461913643-0.003084051034605649j),0.0012670311035782055,(0.004032245429264849-0.03862898910569857j)
9.5375,(0.00046380833145279307-0.04170211175443812j),(0.00071776101942068-0.0018853949687413873j),0.0010401699114326365,(-0.000253952687967887-0.03981671678569674j)
9.540000000000001,(0.0004635653708824319-0.04169118909261272j),(0.00508429121320699-0.00358914191462875j),0.0013055023356011303,(-0.004620725842324558-0.03810204717798397j)
9.5425,(0.0004633226011622768-0.041680272150332556j),(0.003321308056726702-0.00908567846242359j),0.0010174465199812525,(-0.002857985455564425-0.032594593687908964j)
9.545,(0.0004630800220925239-0.04166936092310688j),(-0.002632628287004605-0.006909622104865825j),0.0012668028309952123,(0.003095708309097129-0.03475973881824106j)
9.5475,(0.0004628376334736343-0.04165845540644965j),(0.0005145562355637702-0.00366102391259874j),0.0010248282485150553,(-5.171860209013591e-05-0.03799743149385091j)
9.55,(0.00046259543510625034-0.04164755559587951j),(-0.0035429066107317566-0.007527441344692022j),0.0010955482747741975,(0.004005502045838007-0.03412011425118749j)
9.5525,(0.00046235342679137046-0.04163666148691981j),(-0.0013972041064509622-0.006247317289527722j),0.0011528888159007518,(0.0018595575332423326-0.035389344197392085j)
9.555,(0.00046211160833017375-0.04162577307509856j),(0.0029127561577017144-0.0038970473868599575j),0.0012581313325814895,(-0.0024506445493715405-0.0377287256882386j)
9.557500000000001,(0.000461869979524158-0.04161489035594843j),(0.0018330693221660765-0.005100788205260915j),0.0014147449374798263,(-0.0013711993426419183-0.03651410215068752j)
9.56,(0.00046162854017505644-0.0416040133250068j),(0.0012362876084826802-0.008698428830162874j),0.0009989169617507997,(-0.0007746590683076238-0.03290558449484393j)
9.5625,(0.0004613872900848463-0.041593141977815704j),(0.0013631867748412185-0.003408430283041263j),0.0013498554990256342,(-0.0009017994847563722-0.03818471169477444j)
9.565,(0.00046114622905579485-0.0415822763099218j),(-0.000515347339381866-0.0015287011601062461j),0.0009276583690858531,(0.0009764935684376608-0.04005357514981555j)
9.5675,(0.00046090535689042195-0.041571416316876414j),(0.0018020556928923328-0.005377498316292572j),0.0012070943292257841,(-0.001341150336001911-0.036193918000583844j)
9.57,(0.0004606646733914724-0.04156056199423554j),(-0.0011477237081437088-0.004952331282164496j),0.001039487627070235,(0.0016083883815351811-0.03660823071207104j)
9.5725,(0.00046042417836197056-0.04154971333755977j),(-0.0011217902888092876-0.001646464525706907j),0.0012467598424898137,(0.001582214467171258-0.03990324881185286j)
9.575000000000001,(0.00046018387160522985-0.04153887034241437j),(-0.0019235853627786218-0.002367950247211801j),0.001128626970673238,(0.0023837692343838517-0.03917092009520257j)
9.5775,(0.000459943752924759-0.0415280330043692j),(0.0015032726346976325-0.006432093036762395j),0.0011366319623442615,(-0.0010433288817728735-0.03509593996760681j)
9.58,(0.00045970382212435514-0.04151720131899875j),(0.005116462070754799-0.002813205137100776j),0.001193011178799184,(-0.004656758248630444-0.03870399618189797j)
9.5825,(0.00045946407900808445-0.04150637528188212j),(0.0007601462223089582-0.0029252205874472415j),0.0010765098368097276,(-0.00030068214330087375-0.03858115469443488j)
9.585,(0.0004592245233802546-0.04149555488860304j),(-0.00011847401240461026-0.005931077084562948j),0.0010578142975290127,(0.0005776985357848649-0.035564477804040096j)
9.5875,(0.0004589851550454045-0.04148474013474984j),(-0.0053492118901950145-0.004592885875294325j),0.0009850643668934684,(0.005808197045240419-0.036891854259455514j)
9.59,(0.00045874597380836856-0.04147393101591538j),(0.002493790093704638-0.002886570844262882j),0.001288458198768707,(-0.0020350441198962693-0.0385873601716525j)
9.5925,(0.0004585069794742129-0.041463127527697194j),(-0.0008387791653351128-0.003493276378284149j),0.001078970309547246,(0.0012972861448093257-0.03796985114941304j)
9.595,(0.00045826817184827103-0.041452329665697396j),(0.0038430774661262056-0.0011083623286693158j),0.0013039661951296509,(-0.0033848092942779344-0.04034396733702808j)
9.5975,(0.0004580295507360878-0.04144153742552261j),(-0.0008157990618370794-0.003500060661479287j),0.0012887359914102816,(0.0012738286125731672-0.03794147676404332j)
9.6,(0.0004577911159435215-0.04143075080278411j),(0.0007058300645101717-0.002885931582173934j),0.0011617663267525895,(-0.0002480389485666502-0.03854481922061018j)
9.602500000000001,(0.0004575528672766503-0.041419969793097665j),(0.002195663829908922-0.006037572470529762j),0.0011793514293046224,(-0.0017381109626322718-0.035382397322567906j)
9.605,(0.0004573148045418098-0.041409194392083654j),(-0.004336517627097335-0.0015072131951253454j),0.0011734160808792688,(0.004793832431639144-0.03990198119695831j)
9.6075,(0.00045707692754559225-0.041398424595367j),(0.000295866431295528-0.0041018792848223065j),0.0010530940918458693,(0.00016121049625006427-0.037296545310544695j)
9.61,(0.0004568392360948274-0.04138766039857717j),(0.0034945785489255005-0.004373479479849634j),0.0010545325728332823,(-0.003037739312830673-0.03701418091872754j)
9.6125,(0.00045660172999659226-0.04137690179734819j),(-0.00011798495227608768-0.001859605993715868j),0.0011343754989116162,(0.00057458668227268-0.03951729580363232j)
9.615,(0.0004563644090582559-0.041366148787318584j),(0.0015679770315595635-0.005062873817736595j),0.001013037540214919,(-0.0011116126225013075-0.03630327496958199j)
9.6175,(0.0004561272730873783-0.04135540136413143j),(0.003955894956284296-0.003984820111862969j),0.0010725372930008136,(-0.003499767683196918-0.03737058125226846j)
9.620000000000001,(0.00045589032189181174-0.041344659523434364j),(0.005820328445483916-0.003134896092533286j),0.0011074590002313305,(-0.0053644381235921045-0.03820976343090108j)
9.6225,(0.0004556535552796626-0.04133392326087948j),(0.0021710874791274963-0.0031436079650039774j),0.0011255093021681351,(-0.0017154339238478337-0.0381903152958755j)
9.625,(0.0004554169730592363-0.0413231925721234j),(-0.0040714204995693885-0.005748005762706358j),0.0012686257188445171,(0.004526837472628625-0.03557518680941704j)
9.6275,(0.0004551805750391486-0.04131246745282733j),(0.0016675669051212946-0.00608230932801004j),0.0011382646095270388,(-0.001212386330082146-0.03523015812481729j)
9.63,(0.0004549443610282214-0.04130174789865684j),(-0.0016500097494672966-0.0031840267525564125j),0.001174875159991175,(0.002104954110495518-0.03811772114610043j)
9.6325,(0.00045470833083553124-0.04129103390528213j),(-0.000990256485199536-0.0032992284813077393j),0.0013001690552527211,(0.0014449648160350672-0.037991805423974394j)
9.635,(0.00045447248427043466-0.04128032546837781j),(0.002079162842613074-0.006246352066027325j),0.0010662315579724768,(-0.0016246903583426392-0.03503397340235048j)
9.637500000000001,(0.00045423682114249515-0.041269622583622996j),(0.0038170848693856985-0.002568718691812196j),0.0010786258172031146,(-0.0033628480482432036-0.0387009038918108j)
9.64,(0.00045400134126153763-0.041258925246701265j),(-0.000381270135312247-0.004016990357589564j),0.0009339466131556824,(0.0008352714765737846-0.037241934889111705j)
9.6425,(0.0004537660444376303-0.041248233453300705j),(-0.0031913519513279017-0.004831164099172179j),0.0012880824390769099,(0.003645117995765532-0.03641706935412853j)
9.645,(0.0004535309304810653-0.04123754719911385j),(0.0034314334422773296-0.0020899669319009127j),0.0010423917343241732,(-0.0029779025117962644-0.039147580267212934j)
9.6475,(0.00045329599920247807-0.041226866479837684j),(-0.0017760106454145202-0.005391596718424557j),0.0010944014029985521,(0.002229306644616998-0.03583526976141313j)
9.65,(0.00045306125041259945-0.04121619129117369j),(0.0017426635555992881-0.007446207644058573j),0.001157368408371815,(-0.0012896023051866888-0.033769983647115115j)
9.6525,(0.0004528266839225203-0.04120552162882771j),(-0.004748703102797151-0.005545453233288118j),0.0010476823156628982,(0.005201529786719671-0.03566006839553959j)
9.655,(0.0004525922995435372-0.041194857488510116j),(-0.0020011269482869505-0.004517100614375386j),0.0011337514518553302,(0.0024537192478304875-0.03667775687413473j)
9.6575,(0.0004523580970871783-0.04118419886593572j),(8.993744394038558e-05-0.0019346576340139527j),0.0010755782265703354,(0.0003624206531467927-0.039249541231921765j)
9.66,(0.0004521240763652482-0.041173545756823665j),(0.0015618118649156337+8.30678940018761e-05j),0.001039900045589009,(-0.0011096877885503854-0.041256613650825544j)
9.6625,(0.0004518902371897657-0.04116289815689765j),(0.0031982088490138763-0.0032784649173196803j),0.0010050981402134644,(-0.0027463186118241107-0.03788443323957797j)
9.665000000000001,(0.0004516565793729889-0.04115225606188572j),(-0.0031018060095450092-0.005409376019654267j),0.0011208128523131115,(0.003553462588917998-0.03574288004223145j)
9.6675,(0.00045142310272745236-0.04114161946752034j),(0.0001451145295624986-0.007501624275118177j),0.0012187170514043988,(0.0003063085731649538-0.03363999519240216j)
9.67,(0.00045118980706590294-0.04113098836953842j),(-0.00037399982059706764-0.0075578056470084224j),0.0009228720313432387,(0.0008251896276629706-0.03357318272253j)
9.6725,(0.0004509566922013258-0.04112036276368119j),(-0.0013961449313825572-0.006425979844085129j),0.0011153630452349684,(0.001847101623583883-0.03469438291959606j)
9.675,(0.00045072375794699194-0.04110974264569439j),(-0.0001275183957411714-0.003462923829029811j),0.00134074426655943,(0.0005782421536881634-0.03764681881666458j)
9.6775,(0.00045049100411634585-0.0410991280113281j),(-0.003212123837853648-0.006987052903136784j),0.0009772491867475704,(0.0036626148419699935-0.034112075108191316j)
9.68,(0.0004502584305231527-0.04108851885633675j),(-0.004242593574869981-0.0056256044385284264j),0.0011048783701365888,(0.004692852005393134-0.03546291441780832j)
9.682500000000001,(0.0004500260369813245-0.04107791517647922j),(-0.0023157302320323397-0.003400819005308651j),0.0014083836155973557,(0.002765756269013664-0.03767709617117057j)
9.685,(0.00044979382330510186-0.04106731696751872j),(-0.0005776470197769406-0.0017017432631901846j),0.0010454783032766827,(0.0010274408430820425-0.039365573704328534j)
9.6875,(0.00044956178930890774-0.04105672422522282j),(-0.0004989586773089246-0.0014658799813051335j),0.0011865307944949365,(0.0009485204666178324-0.03959084424391769j)
9.69,(0.0004493299348074301-0.04104613694536352j),(0.003913922415194153-0.002849175252173535j),0.0009201390569490687,(-0.0034645924803867224-0.038196961693189986j)
9.6925,(0.00044909825961557425-0.04103555512371707j),(0.0016094313675616356-0.0039058505539007115j),0.0010034159126852116,(-0.0011603331079460613-0.03712970456981636j)
9.695,(0.00044886676354851957-0.041024978756064215j),(0.0006198734875877942-0.0033801185641085495j),0.0009689441393092669,(-0.00017100672403927463-0.03764486019195566j)
9.6975,(0.000448635446421644-0.04101440783818991j),(0.00222548657404751-0.004898987409147j),0.0010952729769987894,(-0.0017768511276258661-0.03611542042904291j)
9.700000000000001,(0.00044840430805059833-0.04100384236588354j),(0.002083014098589084-0.0011999548541183974j),0.0011978500541480785,(-0.0016346097905384858-0.03980388751176514j)
9.7025,(0.00044817334825122273-0.040993282334938784j),(-0.000577752387132564+0.003720112521219153j),0.001027638396323958,(0.0010259257353837869-0.04471339485615794j)
9.705,(0.0004479425668396565-0.040982727741153656j),(0.0008973799228382241-0.005877165720151918j),0.001124221895827216,(-0.00044943735599856766-0.035105562021001735j)
9.7075,(0.0004477119636322283-0.04097217858033052j),(-0.004052175252095301-0.00036947898414445567j),0.0011249894721777638,(0.00449988721572753-0.040602699596186065j)
9.71,(0.00044748153844554684-0.04096163484827604j),(0.0016625764435453027-0.006570642664846947j),0.001057528348576929,(-0.0012150949050997559-0.034390992183429094j)
9.7125,(0.0004472512910963726-0.04095109654080119j),(0.003055150390115114-0.002890271763156239j),0.0013252208442120388,(-0.002607899099018741-0.03806082477764495j)
9.715,(0.00044702122140181-0.04094056365372126j),(-0.0004971420291002524-0.0020874293979223227j),0.0013497096273282774,(0.0009441632505020624-0.038853134255798935j)
9.7175,(0.0004467913291791238-0.04093003618285584j),(-0.00481810362717581-0.0006816157189812099j),0.0011247085822318121,(0.005264894956354934-0.040248420463874626j)
9.72,(0.0004465616142458302-0.040919514124028826j),(-0.0005105572509316786-0.0044333008979831855j),0.0010419828801845827,(0.0009571188651775087-0.036486213226045644j)
9.7225,(0.00044633207641971476-0.04090899747306837j),(0.0049158989362460956-0.0016767491738494422j),0.0010304782227966603,(-0.004469566859826381-0.03923224829921893j)
9.725,(0.00044610271551875073-0.04089848622580696j),(0.0023899018968481993-0.0038163097888438383j),0.001125339674495855,(-0.0019437991813294486-0.03708217643696312j)
9.727500000000001,(0.00044587353136114346-0.04088798037808137j),(0.0018757706643025946-0.0018537882798593426j),0.001126583060902685,(-0.001429897132941451-0.03903419209822202j)
9.73,(0.000445644523765394-0.04087747992573259j),(-0.002738191429059773-0.0038939708310799636j),0.0010878684510145329,(0.003183835952825167-0.036983509094652624j)
9.7325,(0.0004454156925501529-0.04086698486460588j),(0.003829444167772618-0.004140296984677588j),0.0010456887919949752,(-0.003384028475222465-0.03672668787992829j)
9.735,(0.00044518703753437626-0.04085649519055085j),(-0.00012506180823864622-0.0019120291218082453j),0.001051574191110024,(0.0005702488457730225-0.038944466068742606j)
9.7375,(0.0004449585585371866-0.04084601089942131j),(-0.003782504968127388-0.0007053634841298591j),0.0010893272449041297,(0.004227463526664575-0.04014064741529145j)
9.74,(0.0004447302553779923-0.040835531987075305j),(-0.003554635449478133-0.0024382784084571734j),0.0012248890221193969,(0.003999365704856125-0.03839725357861813j)
9.7425,(0.0004445021278764228-0.04082505844937514j),(0.0018220920972352092-0.006164054921794069j),0.0013001387228264078,(-0.0013775899693587864-0.03466100352758107j)
9.745000000000001,(0.0004442741758523117-0.0408145902821874j),(0.0009692236871701007-0.005704853651349587j),0.0009942582361503758,(-0.000524949511317789-0.035109736630837815j)
9.7475,(0.00044404639912573975-0.04080412748138288j),(0.0001851437099550601-0.001556909012594166j),0.0010979077176899476,(0.00025890268917067965-0.03924721846878872j)
9.75,(0.0004438187975170267-0.040793670042836586j),(-0.00038540881415308594-0.003240268585594996j),0.0011037356484528832,(0.0008292276116701127-0.03755340145724159j)
9.7525,(0.0004435913708467128-0.040783217962427766j),(-0.0027288074089958786-0.0008292897347068846j),0.0012859281609496037,(0.0031723987798425914-0.039953928227720883j)
9.755,(0.0004433641189355769-0.04077277123603993j),(0.0015269012434418936-0.0022028779786413917j),0.001022367695692123,(-0.0010835371245063166-0.03856989325739854j)
9.7575,(0.00044313704160459864-0.04076232985956073j),(-0.0034834218766997987-0.002229214390564885j),0.0009635682369319888,(0.003926558918304397-0.03853311546899584j)
9.76,(0.0004429101386750322-0.04075189382888207j),(-0.004422122364787915-0.0028944209797635585j),0.001169449623748109,(0.004865032503462947-0.037857472849118515j)
9.762500000000001,(0.0004426834099683326-0.040741463139900076j),(0.0014614010895871042-0.0033036117655844393j),0.0013554726469853864,(-0.0010187176796187716-0.037437851374315635j)
9.765,(0.00044245685530619174-0.040731037788515015j),(-0.003694942484553211-0.007084603625619039j),0.0011740463571359883,(0.004137399339859403-0.03364643416289598j)
9.7675,(0.0004422304745105203-0.040720617770631407j),(-0.0015755409803275978-0.0006957105622364826j),0.0011782980946398879,(0.002017771454838118-0.040024907208394925j)
9.77,(0.0004420042674034475-0.04071020308215793j),(-0.0029069357605412066-0.0038226697143465935j),0.0010832986058099607,(0.0033489400279446543-0.03688753336781133j)
9.7725,(0.0004417782338073562-0.04069979371900744j),(-0.00036266463772594763-0.008226132044996688j),0.0010052298197907772,(0.0008044428715333039-0.03247366167401075j)
9.775,(0.0004415523735448657-0.04068938967709699j),(-0.0002653718057280942-0.0003800321630988255j),0.0012340793935561698,(0.0007069241792729599-0.04030935751399816j)
9.7775,(0.00044132668643875856-0.040678990952347824j),(0.003002115109947093+0.001123670713489245j),0.001278345266899558,(-0.0025607884235083348-0.04180266166583707j)
9.78,(0.00044110117231211483-0.04066859754068526j),(-0.0012630001894502843-0.003398966632593024j),0.0011326086109128334,(0.001704101361762399-0.03726963090809224j)
9.7825,(0.0004408758309882057-0.040658209438038904j),(-0.00319707260729617-0.0013923105986178067j),0.0011157154052491463,(0.0036379484382843756-0.039265898839421096j)
9.785,(0.0004406506622905363-0.04064782664034244j),(-0.003720550027344956-0.002512941970360035j),0.0011055178582310367,(0.004161200689635492-0.038134884669982404j)
9.7875,(0.00044042566604282797-0.04063744914353369j),(-0.0027734949033898443+0.0005144302612776971j),0.0012560030626453764,(0.0032139205694326723-0.04115187940481139j)
9.790000000000001,(0.00044020084206903675-0.040627076943554705j),(0.00046113945190504177-0.004036201417464019j),0.0011042255369879152,(-2.0938609836005013e-05-0.03659087552609069j)
9.7925,(0.00043997619019333365-0.04061671003635157j),(0.0023103507507879787-0.0033647502404155127j),0.0009790116412299393,(-0.001870374560594645-0.037251959795936054j)
9.795,(0.0004397517102401331-0.0406063484178746j),(-0.00030262695584600994-0.006725771891496804j),0.0011912898744497794,(0.000742378666086143-0.0338805765263778j)
9.7975,(0.00043952740203403675-0.04059599208407818j),(0.0017416604372933206+0.00022969866775686453j),0.0009910795327241302,(-0.0013021330352592838-0.04082569075183504j)
9.8,(0.0004393032653999343-0.04058564103092087j),(0.0007828244451373184+0.0003034762464811766j),0.0009947205712900241,(-0.0003435211797373841-0.04088911727740205j)
9.8025,(0.0004390793001628658-0.040575295254365276j),(-0.00287517221637293-0.0037273361083086736j),0.0010752193468275594,(0.0033142515165357957-0.036847959146056604j)
9.805,(0.0004388555061481227-0.040564954750378183j),(0.002037133106130636+0.00037218038610009043j),0.0011042398657631714,(-0.0015982775999825133-0.04093713513647827j)
9.807500000000001,(0.0004386318831812548-0.040554619514930446j),(0.0011607961055156541-5.72557545138977e-05j),0.0011795183658488138,(-0.0007221642223343993-0.04049736376041655j)
9.81,(0.0004384084310879812-0.04054428954399706j),(0.0027394679777925333-0.004894214156556122j),0.000970013258733914,(-0.002301059546704552-0.03565007538744094j)
9.8125,(0.0004381851496942433-0.04053396483355709j),(-0.002788531309081254-0.002182209919432055j),0.0010605001186301402,(0.0032267164587754973-0.038351754914125034j)
9.815,(0.0004379620388262765-0.040523645379593694j),(0.003801971075524459-0.002716689299826285j),0.0011576408064723623,(-0.0033640090366981825-0.03780695607976741j)
9.8175,(0.00043773909831043063-0.04051333117809415j),(-0.0029733789550750373-0.00023544041012185486j),0.001128764445791259,(0.003411118053385468-0.040277890767972294j)
9.82,(0.0004375163279733577-0.04050302222504977j),(-0.0012609460342742815-0.0011458479784556936j),0.001349009580751209,(0.0016984623622476392-0.03935717424659407j)
9.8225,(0.00043729372764191336-0.04049271851645598j),(0.003090804538223623-0.0017172451261754105j),0.0011188197646463166,(-0.00265351081058171-0.03877547339028057j)
9.825000000000001,(0.0004370712971431474-0.04048242004831229j),(-0.001542720932101751-0.002688007654920818j),0.0009635274292898142,(0.0019797922292448984-0.03779441239339147j)
9.8275,(0.00043684903630433-0.04047212681662222j),(-0.0017732807437095916-0.0015113356141948531j),0.0013066449292149895,(0.0022101297800139214-0.03896079120242737j)
9.83,(0.00043662694495299765-0.04046183881739343j),(3.232591131510225e-05-0.008460483053017838j),0.0011117737850748878,(0.0004043010336378954-0.03200135576437559j)
9.8325,(0.0004364050229168788-0.04045155604663753j),(-0.0036852135602142887-0.0006362146160583589j),0.0008620304011612161,(0.004121618583131167-0.03981534143057917j)
9.835,(0.0004361832700238874-0.04044127850037029j),(-0.0020000267148352503-0.005121220688533625j),0.0012264519138783687,(0.0024362099848591378-0.03532005781183667j)
9.8375,(0.0004359616861021924-0.040431006174611504j),(0.0056617830029627135-0.0004423352139436314j),0.0011426443283290512,(-0.005225821316860521-0.039988670960667876j)
9.84,(0.00043574027098018154-0.040420739065384924j),(0.004793081367787704-0.0006044705073227529j),0.0009296263107138424,(-0.004357341096807523-0.03981626855806217j)
9.8425,(0.0004355190244864451-0.04041047716871847j),(0.000580621058703905-0.00377162301348874j),0.0009728970115632094,(-0.00014510203421745995-0.03663885415522973j)
9.845,(0.00043529794644981806-0.040400220480643984j),(0.0032056189655387955+0.0022918793117141954j),0.001007367585278389,(-0.0027703210190889774-0.042692099792358176j)
9.8475,(0.0004350770366993182-0.04038996899719736j),(0.0028373234926519593-0.0006143854703855361j),0.0010817707358825406,(-0.002402246455952641-0.03977558352681182j)
9.85,(0.0004348562950641822-0.040379722714418566j),(-0.0014726379234260747+0.0026488084046900335j),0.0010789539163155064,(0.001907494218490257-0.0430285311191086j)
9.852500000000001,(0.00043463572137388234-0.04036948162835153j),(-0.0020039425432757324-0.003465410942565495j),0.0011661840464390165,(0.002438578264649615-0.036904070685786036j)
9.855,(0.0004344153154581265-0.040359245735044215j),(0.004984544154119725-0.0036755482878353452j),0.0012369103386211488,(-0.004550128838661599-0.03668369744720887j)
9.8575,(0.0004341950771467864-0.04034901503054857j),(0.0006848919743760495+0.000819992538573561j),0.0011552711872127401,(-0.0002506968972292631-0.04116900756912213j)
9.86,(0.00043397500626997794-0.040338789510920584j),(-0.0029781679137495126-0.0022899161012736235j),0.0011501072702385206,(0.0034121429200194907-0.03804887340964696j)
9.8625,(0.00043375510265803384-0.040328569172220184j),(-0.0014940563916019647-0.002681214340211477j),0.0011291143217130554,(0.0019278114942599986-0.037647354832008706j)
9.865,(0.00043353536614148543-0.040318354010511336j),(0.0011022835983164941+0.0016967604596052116j),0.0012284784682765196,(-0.0006687482321750086-0.04201511447011655j)
9.8675,(0.0004333157965511167-0.040308144021861975j),(0.00023081479057066628-0.002851591880414604j),0.0011256441727640802,(0.00020250100598045043-0.03745655214144737j)
9.870000000000001,(0.0004330963937178825-0.040297939202344014j),(0.0038230302712089297-0.005394664853750586j),0.0010728752473197294,(-0.003389933877491047-0.03490327434859343j)
9.8725,(0.00043287715747296297-0.04028773954803336j),(-0.0007087776987161066-0.0036428522194139053j),0.000873163651184659,(0.0011416548561890695-0.03664488732861945j)
9.875,(0.00043265808764777125-0.04027754505500984j),(0.0013825654320777994+0.0005679831737797982j),0.0009671935495185247,(-0.0009499073444300282-0.04084552822878964j)
9.8775,(0.0004324391840739183-0.04026735571935733j),(0.0010082549267986527+3.588131507716297e-05j),0.001124369975672973,(-0.0005758157427247344-0.04030323703443449j)
9.88,(0.00043222044658321163-0.04025717153716356j),(0.004282537765924228-0.002097260065789503j),0.0013332561615263807,(-0.0038503173193410165-0.038159911471374056j)
9.8825,(0.00043200187500771044-0.04024699250452033j),(-0.00047058272205863737+3.483363110333395e-05j),0.0009751283101188812,(0.0009025845970663479-0.040281826135623665j)
9.885,(0.0004317834691796601-0.04023681861752328j),(-0.0010572022241008433+0.0006826294866382826j),0.0009909990039882494,(0.0014889856932805033-0.040919448104161565j)
9.887500000000001,(0.0004315652289315216-0.0402266498722721j),(-0.002064386819548076-0.002664868979434735j),0.0010375520421298421,(0.002495952048479598-0.03756178089283736j)
9.89,(0.0004313471540959599-0.040216486264870316j),(-0.0017143912439224213-0.0021215993340904867j),0.0010865394186796108,(0.002145738398018381-0.03809488693077983j)
9.8925,(0.0004311292445058813-0.04020632779142549j),(0.0013562978899092292-0.006318916098226109j),0.0011632430051889081,(-0.0009251686454033479-0.03388741169319938j)
9.895,(0.0004309114999943514-0.04019617444804905j),(0.0009521651800957828+8.695176846637564e-08j),0.0010848051472564138,(-0.0005212536801014315-0.040196261399817516j)
9.8975,(0.00043069392039470257-0.040186026230856355j),(-0.0012915373154806303-0.0026105422126262573j),0.0010441522339270251,(0.0017222312358753328-0.0375754840182301j)
9.9,(0.00043047650554044496-0.04017588313596675j),(-0.00213217422990272-0.0014910070263180336j),0.0010825673695031566,(0.002562650735443165-0.038684876109648714j)
9.9025,(0.00043025925526530027-0.04016574515950336j),(0.0020946979450162614+0.0006402195220193858j),0.000987947604200839,(-0.001664438689750961-0.04080596468152274j)
9.905,(0.0004300421694032123-0.040155612297593346j),(0.00025956805587683344+0.002175565889492394j),0.0011733839568595394,(0.00017047411352637888-0.04233117818708574j)
9.9075,(0.0004298252477883459-0.04014548454636773j),(0.004864933597919624-0.00029690546630398656j),0.001121133247985521,(-0.004435108350131277-0.03984857908006374j)
9.91,(0.00042960849025500586-0.04013536190196144j),(-0.0008896525536419872-0.002834240554039162j),0.001277847097738226,(0.001319261043896993-0.037301121347922274j)
9.9125,(0.0004293918966378163-0.040125244360513304j),(-0.0035656994901670062-0.004443636621377469j),0.001191081002108873,(0.003995091386804823-0.03568160773913583j)
9.915000000000001,(0.00042917546677150465-0.04011513191816601j),(-0.0015365578530761336-0.000168390131864176j),0.0011885591650812126,(0.0019657333198476383-0.03994674178630183j)
9.9175,(0.000428959200491073-0.04010502457106618j),(0.00230162585450251-0.0004955536146600564j),0.001320182770783363,(-0.0018726666540114368-0.03960947095640613j)
9.92,(0.0004287430976316972-0.04009492231536426j),(-0.0010406156111317563+0.0007055322693741126j),0.0012314956872876003,(0.0014693587087634533-0.040800454584738376j)
9.9225,(0.00042852715802878293-0.04008482514721465j),(0.004360623163814777+0.0055136251473677815j),0.0011167233650104932,(-0.0039320960057859945-0.04559845029458243j)
9.925,(0.0004283113815179361-0.040074733062775564j),(0.004864757646481663+0.0012090446120425298j),0.0011171511171989578,(-0.004436446264963727-0.04128377767481809j)
9.9275,(0.0004280957679349549-0.04006464605820905j),(0.0013874218007272926-0.0005388816306033332j),0.001247120247731845,(-0.0009593260327923378-0.03952576442760572j)
9.93,(0.0004278803171158659-0.040054564129681135j),(0.0037071014804787345-0.00021513624033485512j),0.0013237297253426408,(-0.0032792211633628685-0.03983942788934628j)
9.932500000000001,(0.00042766502889690427-0.040044487273361594j),(0.007728303539996595-0.0017355148097122249j),0.000995200055422487,(-0.00730063851109969-0.038308972463649366j)
9.935,(0.0004274499031144614-0.040034415485424094j),(0.0007970983643361016-0.0004288582618509462j),0.0011416812551773344,(-0.00036964846122164023-0.039605557223573146j)
9.9375,(0.0004272349396052084-0.04002434876204612j),(0.0017132541340346397+0.00303193671311327j),0.001293160822107236,(-0.0012860191944294313-0.04305628547515939j)
9.94,(0.00042702013820596356-0.04001428709940908j),(0.002293381101652724-0.0025323642120998065j),0.0013397918112965476,(-0.0018663609634467606-0.037481922887309276j)
9.9425,(0.0004268054987537888-0.04000423049369815j),(0.0007370003618936741-0.0034463781182318878j),0.0011037925796988162,(-0.0003101948631398853-0.03655785237546626j)
9.945,(0.00042659102108591815-0.03999417894110233j),(0.0019800824687879314-0.000544006027919847j),0.0012215808246946113,(-0.0015534914477020132-0.03945017291318249j)
9.9475,(0.000426376705039812-0.039984132437814485j),(0.001199130698791313+0.003368809338822434j),0.0009849996176059404,(-0.0007727539937515011-0.04335294177663692j)
9.950000000000001,(0.00042616255045312964-0.0399740909800313j),(0.002891065701281047-0.0025176030496280905j),0.0011503658184533457,(-0.0024649031508279175-0.03745648793040321j)
9.9525,(0.00042594855716372807-0.03996405456395325j),(-0.0012294710114619746-0.0011423971225117346j),0.0012143387710689374,(0.0016554195686257027-0.03882165744144152j)
9.955,(0.00042573472500967235-0.03995402318578468j),(-0.0043526143973597695+0.00022140839293886334j),0.0012757633126746523,(0.004778349122369442-0.04017543157872354j)
9.9575,(0.0004255210538292515-0.03994399684173366j),(1.5006470367098235e-05-0.0010160874614132983j),0.0012902879309803958,(0.0004105145834621533-0.03892790938032036j)
9.96,(0.0004253075434609085-0.039933975528012144j),(-0.0007954131914869312-0.000950499233364463j),0.0013576944465509468,(0.0012207207349478396-0.038983476294647684j)
9.9625,(0.0004250941937433186-0.03992395924083583j),(-0.001298120225172757-0.0018934515655293263j),0.0012061281897434446,(0.0017232144189160757-0.0380305076753065j)
9.965,(0.0004248810045153905-0.03991394797642425j),(-0.003512926444786107-0.0025747982258381708j),0.0015651207962441341,(0.003937807449301498-0.03733914975058608j)
9.9675,(0.00042466797561617616-0.03990394173100069j),(0.001902345807432448-0.001960056934163824j),0.0017471753102716236,(-0.0014776778318162718-0.037943884796836864j)
9.97,(0.0004244551068849337-0.03989394050079225j),(0.0027481392116089987-8.753272483393912e-06j),0.0026220964943915004,(-0.002323684104724065-0.039885187228308853j)
9.9725,(0.00042424239816118834-0.0398839442820298j),(0.004870327745505421-0.0063404088401876856j),0.005423671547417483,(-0.004446085347344233-0.03354353544184212j)
9.975,(0.0004240298492845996-0.039873953070947994j),(-0.004195302716605775+0.003703512792559463j),0.010296353992841224,(0.004619332565890375-0.043577465863507456j)
9.977500000000001,(0.00042381746009504913-0.03986396686378522j),(0.010956210046736947+0.004514310336087698j),0.0561043585886136,(-0.010532392586641898-0.04437827719987292j)
9.98,(0.0004236052304326417-0.03985398565678367j),(0.09331194674991275+0.005606628622008894j),0.3200486825642688,(-0.09288834151948011-0.04546061427879256j)
9.9825,(0.00042339316013762407-0.039844009446189314j),(0.07007428819349978-0.2397383888069443j),11.23430281018478,(-0.06965089503336216+0.199894379360755j)
9.985,(0.0004231812490504908-0.03983403822825179j),(0.15487174768748824-0.44152317809481034j),9.500941633708633,(-0.15444856643843774+0.4016891398665586j)
9.9875,(0.0004229694970119504-0.03982407199922462j),(-0.17020582897412442-0.10794140145320548j),16.03584852471792,(0.17062879847113638+0.06811732945398086j)
9.99,(0.0004227579038628608-0.039814110755364965j),(-0.17867357982496043-0.36785707346748636j),8.83691989593637,(0.1790963377288233+0.3280429627121214j)
9.9925,(0.00042254646944431913-0.03980415449293376j),(0.045065170890178266-0.04856495106202091j),11.18654224074665,(-0.044642624420733946+0.008760796569087154j)
9.995000000000001,(0.0004223351935975902-0.039794203208195704j),(-0.14097824821716728+0.14324373287626987j),10.082112645494737,(0.14140058341076486-0.18303793608446559j)
