f_range,G_0,G,var,bias
0.0,(3.698665733066395-0.43573879106571345j),(3.6985078955909207-0.4358779836035652j),1.0620596554560403e-05,(0.00015783747547404303+0.00013919253785177332j)
0.0125,(3.5527629478528726-0.8371000482690453j),(3.552921776094048-0.8370233961576001j),9.311089839402703e-06,(-0.00015882824117552374-7.665211144514128e-05j)
0.025,(3.3335935589764825-1.178189216430162j),(3.333422546548724-1.178150434112799j),8.765952598938834e-06,(0.00017101242775829917-3.8782317362873187e-05j)
0.037500000000000006,(3.0685737890883007-1.4460313309197002j),(3.068334557415814-1.445601014211913j),9.488168378257952e-06,(0.00023923167248662836-0.0004303167077872594j)
0.05,(2.7840092571970665-1.6399168181130523j),(2.783879576514948-1.6397825618459196j),1.576265198389657e-05,(0.0001296806821184937-0.0001342562671327041j)
0.0625,(2.5005855991298316-1.7675598032772097j),(2.5001137680413414-1.7675420219865283j),1.9106234162659064e-05,(0.0004718310884901378-1.7781290681417872e-05j)
0.07500000000000001,(2.2320399863225515-1.8406921111817676j),(2.2318180722740006-1.8398500017661004j),2.14605322920033e-05,(0.00022191404855087526-0.0008421094156672027j)
0.08750000000000001,(1.9859507004152042-1.871714439244773j),(1.9857010690610475-1.8712351527894708j),2.4577264214967927e-05,(0.00024963135415667637-0.00047928645530226355j)
0.1,(1.7653624922656015-1.8717918198607968j),(1.7651750088046507-1.8712476125369712j),3.299646580083439e-05,(0.00018748346095076585-0.0005442073238255407j)
0.1125,(1.5704088939895926-1.8500943916836667j),(1.5692332939875195-1.8485824961613413j),3.0048153961997652e-05,(0.0011756000020730628-0.001511895522325446j)
0.125,(1.39958019184513-1.8137257251343124j),(1.399058005414908-1.8129979469686697j),4.057027395354765e-05,(0.0005221864302220602-0.000727778165642734j)
0.1375,(1.2505857363325064-1.767973932875873j),(1.249935136910434-1.7662830288499627j),3.37117381138521e-05,(0.000650599422072462-0.0016909040259103225j)
0.15000000000000002,(1.1208841679404082-1.7166637154192637j),(1.119825032522682-1.7150185784847733j),3.978522750195212e-05,(0.0010591354177262868-0.00164513693449031j)
0.1625,(1.007980595498702-1.6624988277343884j),(1.006724144956444-1.6594393147669977j),4.851962135315584e-05,(0.0012564505422580918-0.0030595129673907095j)
0.17500000000000002,(0.9095750196384927-1.6073517372666086j),(0.9093177539658879-1.6050053843265095j),5.123574561690483e-05,(0.0002572656726048672-0.0023463529400991057j)
0.1875,(0.8236223527800214-1.5524915596956346j),(0.8217138545922267-1.5493639758035127j),4.6747396949346506e-05,(0.001908498187794705-0.0031275838921218657j)
0.2,(0.7483433304618728-1.4987560672054858j),(0.7463481055838435-1.49730428672377j),4.891023047550162e-05,(0.001995224878029389-0.001451780481715792j)
0.21250000000000002,(0.6822103280678328-1.4466781945311655j),(0.681646971495105-1.444459960589578j),5.302856386585688e-05,(0.000563356572727769-0.0022182339415874885j)
0.225,(0.6239220333440466-1.396577574411105j),(0.6227444328782472-1.394906317175806j),4.9551692152712444e-05,(0.0011776004657994-0.0016712572352990396j)
0.23750000000000002,(0.5723746816484291-1.3486260712256268j),(0.5711480491660541-1.3463035078192562j),6.41056932665974e-05,(0.0012266324823749786-0.0023225634063706035j)
0.25,(0.526633850126938-1.3028943648187656j),(0.5263167841011426-1.3002886765370543j),7.499172059324752e-05,(0.00031706602579539833-0.0026056882817113713j)
0.2625,(0.4859086809387866-1.2593848924410591j),(0.48535352951114613-1.254838176799804j),6.71037092706748e-05,(0.0005551514276404546-0.0045467156412550835j)
0.275,(0.44952923146546364-1.2180550431132249j),(0.4476215013487192-1.214486280183563j),7.626872189334455e-05,(0.0019077301167444438-0.003568762929661906j)
0.28750000000000003,(0.4169270345940796-1.1788334180673645j),(0.4156487564463659-1.175203048752305j),7.752133761236747e-05,(0.0012782781477136962-0.003630369315059445j)
0.30000000000000004,(0.3876186542208151-1.1416311717135714j),(0.38658546054069853-1.1369876214362105j),7.867885474065423e-05,(0.001033193680116562-0.004643550277360964j)
0.3125,(0.36119189799537443-1.1063498679464616j),(0.359975125210309-1.102116089717696j),8.551427922029678e-05,(0.0012167727850654342-0.004233778228765583j)
0.325,(0.3372943188308948-1.0728868710634212j),(0.3361981869367873-1.0683309030818007j),8.65816000419192e-05,(0.001096131894107455-0.004555967981620501j)
0.3375,(0.3156236522679876-1.0411389946275043j),(0.31315151523649803-1.0382965941831006j),8.138987768134079e-05,(0.002472137031489574-0.0028424004444036477j)
0.35000000000000003,(0.2959198726576731-1.0110049215669235j),(0.29357334978750405-1.0048680487454005j),0.000106652325904676,(0.0023465228701690655-0.006136872821522976j)
0.36250000000000004,(0.27795859354634395-0.982386759923264j),(0.27628617343175876-0.9781222371195621j),7.343068425057625e-05,(0.0016724201145851825-0.00426452280370182j)
0.375,(0.26154557961787045-0.955190993126174j),(0.2596323047938981-0.9512510680625086j),0.0001032241952893743,(0.0019132748239723552-0.0039399250636653615j)
0.3875,(0.24651217584701315-0.9293290087936947j),(0.24440590667926398-0.9243367474858667j),0.0001034785184661397,(0.0021062691677491696-0.004992261307828039j)
0.4,(0.23271149294720475-0.9047173368529536j),(0.2305388598997731-0.9004121252928671j),0.00010752810092789881,(0.002172633047431649-0.004305211560086564j)
0.41250000000000003,(0.2200152166047218-0.8812776899082854j),(0.21791045722099076-0.875302672633283j),0.00011007036791973566,(0.0021047593837310585-0.005975017275002381j)
0.42500000000000004,(0.2083109317312265-0.8589368717859116j),(0.20656011761422186-0.8545882836197498j),0.00012046359055249188,(0.0017508141170046454-0.004348588166161793j)
0.4375,(0.19749987259179938-0.8376266009060788j),(0.1957370321033132-0.8304463642090215j),0.0001131898329528246,(0.0017628404884861837-0.007180236697057252j)
0.45,(0.18749502577773414-0.8172832813505424j),(0.18698110514886915-0.81070944066994j),0.00010439408997198264,(0.0005139206288649889-0.006573840680602405j)
0.4625,(0.1782195261653514-0.7978477446314336j),(0.1763991307238039-0.7916075530039055j),0.00012607608236026697,(0.0018203954415474954-0.006240191627528091j)
0.47500000000000003,(0.16960529674480723-0.7792649781102272j),(0.16674311884678478-0.773518350428248j),0.00015628331901808038,(0.0028621778980224555-0.0057466276819791995j)
0.48750000000000004,(0.16159189195505577-0.7614838509685186j),(0.15910184044193926-0.7549739912466505j),0.00013865568200684936,(0.0024900515131165146-0.0065098597218680165j)
0.5,(0.1541255112910168-0.7444568450290424j),(0.15220340606136018-0.7371480255026888j),0.0001113909842462703,(0.0019221052296566066-0.007308819526353649j)
0.5125000000000001,(0.1471581557609257-0.7281397951605957j),(0.146555006989048-0.7210576161413748j),0.00013818578061118906,(0.0006031487718776984-0.007082179019220924j)
0.525,(0.1406469045149428-0.7124916421835419j),(0.14021255675459654-0.705975632620807j),0.00012733000273639335,(0.00043434776034625977-0.0065160095627349035j)
0.5375,(0.1345532928429548-0.6974741999143755j),(0.13357079461374563-0.6905375958046207j),0.00013241114881465662,(0.0009824982292091777-0.006936604109754829j)
0.55,(0.12884277591418455-0.6830519370976993j),(0.12942317120975694-0.6767616993806036j),0.0001404243749775403,(-0.0005803952955723835-0.0062902377170956925j)
0.5625,(0.12348426523631793-0.6691917743631036j),(0.12068714519551646-0.6642682581343031j),0.0001444496426622379,(0.0027971200408014735-0.004923516228800495j)
0.5750000000000001,(0.11844972695430452-0.6558628959341215j),(0.11869693244198332-0.6486525066588738j),0.00015663984079594865,(-0.00024720548767880046-0.007210389275247753j)
0.5875,(0.11371383287510903-0.6430365755495648j),(0.11238580485830273-0.6346222746339781j),0.00014746246212016072,(0.0013280280168063013-0.008414300915586703j)
0.6000000000000001,(0.10925365656411659-0.6306860158928589j),(0.10870771776758455-0.6233215696981659j),0.00014837579854118374,(0.0005459387965320445-0.007364446194693008j)
0.6125,(0.10504840806786471-0.6187862007324506j),(0.1036421691995262-0.6096521412908965j),0.00016417501949582845,(0.0014062388683385163-0.009134059441554099j)
0.625,(0.10107920182181071-0.6073137589342568j),(0.09978666902100589-0.6010290055939886j),0.00014752462804752816,(0.0012925328008048242-0.006284753340268123j)
0.6375000000000001,(0.09732885313775105-0.5962468394997634j),(0.09535639875116186-0.5877754551205604j),0.00019138523686891342,(0.0019724543865891897-0.008471384379203029j)
0.65,(0.09378169936323248-0.5855649967993872j),(0.0916408348498863-0.5769598206089568j),0.0001516254009551367,(0.0021408645133461773-0.008605176190430441j)
0.6625000000000001,(0.09042344238912027-0.575249085201969j),(0.0897207842249768-0.5648460261055042j),0.00016342783984770682,(0.0007026581641434715-0.010403059096464884j)
0.675,(0.08724100967122297-0.5652811623419197j),(0.08617286463323831-0.5571967224995602j),0.00018712474428364485,(0.0010681450379846635-0.008084439842359514j)
0.6875,(0.08422243134371556-0.5556444003114643j),(0.08294776363085914-0.5486918493359917j),0.00020831865897542767,(0.0012746677128564199-0.006952550975472649j)
0.7000000000000001,(0.08135673134925632-0.5463230041137533j),(0.07919054315391451-0.5385576152627319j),0.000193378652813696,(0.0021661881953418116-0.007765388851021404j)
0.7125,(0.07863383080404149-0.5373021367612804j),(0.07782297114232195-0.5273420080219772j),0.00017280720519481947,(0.0008108596617195374-0.009960128739303187j)
0.7250000000000001,(0.07604446206450437-0.5285678504517761j),(0.07394786939397886-0.5198438950180484j),0.00020372873971343083,(0.0020965926705255045-0.008723955433727726j)
0.7375,(0.07358009217328537-0.5201070232996194j),(0.07105574980932627-0.5087699904614459j),0.00020712202634298388,(0.002524342363959098-0.011337032838173555j)
0.75,(0.07123285454158972-0.5119073011442776j),(0.06993746670656913-0.5024696318151742j),0.00019058433435765164,(0.0012953878350205894-0.009437669329103393j)
0.7625000000000001,(0.06899548787808611-0.5039570439980844j),(0.06703851702784389-0.49484632580412313j),0.00019733187816157983,(0.001956970850242226-0.009110718193961254j)
0.775,(0.06686128150532032-0.49624527673361024j),(0.06666534337848148-0.48879531951525035j),0.00022296912073094147,(0.0001959381268388377-0.007449957218359893j)
0.7875000000000001,(0.06482402631664956-0.48876164364599467j),(0.06363521582458562-0.4778378231563178j),0.00018652500400566835,(0.0011888104920639436-0.010923820489676883j)
0.8,(0.06287797072285682-0.48149636655793016j),(0.06125550148672872-0.47073671628287567j),0.00018922848902270083,(0.0016224692361281046-0.010759650275054489j)
0.8125,(0.06101778102031379-0.47444020616462684j),(0.05898786111388195-0.46299886847012545j),0.00020162477479371824,(0.0020299199064318443-0.011441337694501397j)
0.8250000000000001,(0.05923850568382805-0.4675844263432032j),(0.05931659110413223-0.45640070595950205j),0.00021058914299858355,(-7.808542030418586e-05-0.011183720383701135j)
0.8375,(0.05753554314885352-0.4609207611756787j),(0.0563325385006195-0.45000591200665974j),0.00021577678865259946,(0.0012030046482340226-0.01091484916901897j)
0.8500000000000001,(0.05590461270098607-0.4544413844572812j),(0.05499270304327904-0.44402614857760697j),0.00024728544993929565,(0.0009119096577070301-0.010415235879674245j)
0.8625,(0.054341728136819756-0.44813888148226805j),(0.05095665072724387-0.4381362450377081j),0.00020591548348364384,(0.0033850774095758873-0.010002636444559954j)
0.875,(0.052843173900313394-0.4420062229180905j),(0.05220349024208562-0.43037814353271214j),0.0001975698101811288,(0.0006396836582277729-0.011628079385378354j)
0.8875000000000001,(0.05140548343368424-0.4360367405956356j),(0.050247388362917644-0.42514360240869037j),0.00020692141109214255,(0.0011580950707665988-0.010893138186945206j)
0.9,(0.050025419512231294-0.43022410505862285j),(0.04951282924597687-0.4180488476334497j),0.00023641786715981972,(0.0005125902662544216-0.01217525742517317j)
0.9125000000000001,(0.04869995635901502-0.42456230472916084j),(0.046602580120465475-0.41245173900327253j),0.00016378519709357072,(0.002097376238549546-0.012110565725888311j)
0.925,(0.047426263358520626-0.4190456265590905j),(0.045843674251283155-0.40683122677658773j),0.000234945699879203,(0.0015825891072374712-0.012214399782502772j)
0.9375,(0.046201690208745934-0.4136686380482001j),(0.04423047001189781-0.40304169616853536j),0.00022850444175535748,(0.001971220196848124-0.01062694187966473j)
0.9500000000000001,(0.04502375336898784-0.40842617052078456j),(0.04286139168246278-0.3946731755417552j),0.00020708210270678647,(0.0021623616865250606-0.013752994979029376j)
0.9625,(0.043890123676257414-0.4033133035614472j),(0.04398727924552836-0.38902953849568345j),0.00023672138031521661,(-9.715556927094443e-05-0.014283765065763732j)
0.9750000000000001,(0.04279861501705054-0.39832535051959955j),(0.03999639135808175-0.3837058316276956j),0.0002406765681926522,(0.0028022236589687888-0.014619518891903938j)
0.9875,(0.041747173953343444-0.39345784499987707j),(0.04023714929050212-0.38186970378527074j),0.00021556747039847907,(0.0015100246628413222-0.011588141214606329j)
1.0,(0.04073387021241466-0.38870652826274105j),(0.039594931817778116-0.3744734499422131j),0.00021987393309188673,(0.0011389383946365447-0.014233078320527948j)
1.0125,(0.039756887959576034-0.3840673374659449j),(0.041594164298547905-0.369912321107716j),0.0002729010559404059,(-0.0018372763389718702-0.014155016358228911j)
1.0250000000000001,(0.038814517781290976-0.379536394683365j),(0.036554466606677-0.3643417676849156j),0.0002363095322237286,(0.002260051174613975-0.015194626998449368j)
1.0375,(0.037905149313597765-0.3751099966429919j),(0.03555845137643924-0.3626835788415943j),0.00021246334878305593,(0.002346697937158526-0.012426417801397582j)
1.05,(0.03702726445736581-0.3707846051306961j),(0.03695491609856842-0.3578451374405255j),0.00021460009903346956,(7.234835879738749e-05-0.012939467690170625j)
1.0625,(0.03617943112778259-0.36655683801077105j),(0.03556164125557704-0.3531158284677112j),0.00022557583995254387,(0.0006177898722055514-0.013441009543059823j)
1.075,(0.03536029749069474-0.3624234608182458j),(0.03414352059686504-0.34787830825117916j),0.000259416743306399,(0.0012167768938297005-0.014545152567066622j)
1.0875000000000001,(0.034568586643089524-0.3583813788816117j),(0.03357382564297126-0.3431362706296453j),0.0002775826900760735,(0.0009947610001182633-0.0152451082519664j)
1.1,(0.0338030916991548-0.3544276299379166j),(0.03139554753269331-0.3393564828287922j),0.0003258667364586811,(0.002407544166461488-0.015071147109124383j)
1.1125,(0.03306267124706818-0.3505593772052234j),(0.028407789883933054-0.3359792598072064j),0.00028258946906469727,(0.004654881363135126-0.014580117398017012j)
1.125,(0.03234624514499666-0.346773902880187j),(0.03097373316585458-0.3336991044096281j),0.00024131887939724342,(0.0013725119791420833-0.013074798470558924j)
1.1375,(0.031652790627748784-0.34306860203104256j),(0.027846456906450934-0.3264278389105146j),0.0003277727348133859,(0.00380633372129785-0.01664076312052798j)
1.1500000000000001,(0.03098133869820092-0.3394409768586004j),(0.02958524150858232-0.32557834058675555j),0.0002457228110737171,(0.001396097189618601-0.013862636271844864j)
1.1625,(0.030330970780006218-0.3358886312999681j),(0.029879776806023668-0.3185997441763448j),0.0002930888854804679,(0.0004511939739825499-0.01728888712362331j)
1.175,(0.02970081561024756-0.3324092659516495j),(0.030201431570930914-0.31621428494568404j),0.00027028194079017415,(-0.0005006159606833552-0.016194981005965448j)
1.1875,(0.02909004635263177-0.32900067329045213j),(0.027287878854447986-0.31267090504996237j),0.00034211988082737154,(0.0018021674981837828-0.01632976824048976j)
1.2000000000000002,(0.02849787791356407-0.32566073317225264j),(0.029051903261290007-0.30819394018711527j),0.00028416215934722863,(-0.000554025347725938-0.01746679298513737j)
1.2125000000000001,(0.027923564445013455-0.3223874085901706j),(0.029108215062282373-0.3048231264744541j),0.0002747542385291076,(-0.001184650617268919-0.017564282115716534j)
1.225,(0.02736639701949505-0.3191787416750651j),(0.02674184662325145-0.30441702589858655j),0.0002917012169926338,(0.0006245503962435985-0.014761715776478557j)
1.2375,(0.026825701463780906-0.3160328499225276j),(0.022986404103826578-0.30128515656595717j),0.00030746809112460415,(0.0038392973599543287-0.014747693356570446j)
1.25,(0.02630083633910272-0.3129479226317034j),(0.02503158961451964-0.2988616683704314j),0.00029609576685820206,(0.0012692467245830792-0.014086254261272024j)
1.2625000000000002,(0.025791191056660938-0.30992221754233323j),(0.02331878023486863-0.2938973284388026j),0.0003635830588494587,(0.002472410821792309-0.016024889103530615j)
1.2750000000000001,(0.02529618411820743-0.3069540576573888j),(0.024310157228170492-0.29092110580239894j),0.00029214854183300603,(0.0009860268900369375-0.016032951854989874j)
1.2875,(0.024815261472320636-0.30404182823957426j),(0.024670635295313357-0.28564807615989507j),0.0003182486709529958,(0.00014462617700727876-0.018393752079679193j)
1.3,(0.0243478949777846-0.30118397397079905j),(0.024747419779275016-0.28516656027494j),0.00036121901159028973,(-0.00039952480149041403-0.016017413695859073j)
1.3125,(0.0238935809661844-0.2983789962644894j),(0.023968500884880783-0.2799806476580772j),0.0003437171968395753,(-7.491991869638254e-05-0.018398348606412207j)
1.3250000000000002,(0.02345183889648188-0.2956254507213147j),(0.022046176757542613-0.2783967059485351j),0.0003064112179930456,(0.0014056621389392683-0.01722874477277958j)
1.3375000000000001,(0.023022210094917585-0.2929219447195562j),(0.022058930408226932-0.27577380016336345j),0.00034156683623077816,(0.0009632796866906532-0.017148144556192735j)
1.35,(0.02260425657412735-0.29026713513194746j),(0.022614529043530153-0.2742858150630018j),0.00034952794047371527,(-1.0272469402803491e-05-0.015981320068945648j)
1.3625,(0.02219755992583922-0.287659726161373j),(0.021014345329200834-0.26839733813881045j),0.000376789069222357,(0.0011832145966383864-0.019262388022562527j)
1.375,(0.021801720281974666-0.28509846728832394j),(0.017767664820423176-0.26505601284371205j),0.00035127856867597394,(0.00403405546155149-0.02004245444461189j)
1.3875000000000002,(0.021416355339369433-0.2825821513234926j),(0.020996516459509663-0.2638509124678039j),0.0003681767309846503,(0.0004198388798597706-0.018731238855688725j)
1.4000000000000001,(0.021041099443714815-0.2801096125593166j),(0.01978064843054604-0.26335766437852914j),0.0002882220227682637,(0.0012604510131687743-0.016751948180787457j)
1.4125,(0.02067560272864986-0.2776797250147081j),(0.017326501807804078-0.259578255506566j),0.00030123228872896415,(0.0033491009208457823-0.01810146950814212j)
1.425,(0.0203195303062492-0.2752914007675652j),(0.018774723835398507-0.2579935361184958j),0.00029699134434748204,(0.001544806470850691-0.017297864649069405j)
1.4375,(0.01997256150543884-0.2729435883700275j),(0.019048622200083985-0.25380598230156887j),0.0003815756290853135,(0.0009239393053548546-0.019137606068458657j)
1.4500000000000002,(0.019634389155125703-0.270635271341757j),(0.01800581657998653-0.2520063624480375j),0.00033558108682160627,(0.0016285725751391741-0.018628908893719542j)
1.4625000000000001,(0.019304718909075445-0.26836546673682643j),(0.01856443900832085-0.24800262777996956j),0.0003799146340652835,(0.0007402799007545958-0.020362838956856866j)
1.475,(0.018983268609784762-0.26613322378008697j),(0.018518099879275413-0.24568918929226918j),0.00036363839081505166,(0.00046516873050934937-0.020444034487817786j)
1.4875,(0.018669767688800482-0.2639376225691367j),(0.016068222505632324-0.24456496786768678j),0.0003949893419739113,(0.002601545183168158-0.019372654701449943j)
1.5,(0.01836395660112271-0.261777772838265j),(0.017272633299807622-0.2411398081990276j),0.0003693873789660893,(0.0010913233013150891-0.020637964639237366j)
1.5125000000000002,(0.018065586291499583-0.259652812780967j),(0.016595337675112037-0.2400513701641525j),0.0004126926517196774,(0.0014702486163875456-0.019601442616814513j)
1.5250000000000001,(0.017774417690577596-0.25756190792783606j),(0.016301046382074042-0.2406485034784307j),0.00037661079680581294,(0.0014733713085035537-0.016913404449405367j)
1.5375,(0.01749022123901788-0.2555042500768374j),(0.01683811327227965-0.23462983817426306j),0.00044162500579690865,(0.0006521079667382301-0.020874411902574358j)
1.55,(0.01721277643781995-0.2534790562731489j),(0.015254729706208163-0.23247938756527767j),0.0003594856188355566,(0.0019580467316117865-0.020999668707871205j)
1.5625,(0.01694187142322104-0.2514855678359258j),(0.01379365662606479-0.23023248479040162j),0.000349336552354774,(0.003148214797156249-0.021253083045524174j)
1.5750000000000002,(0.01667730256464828-0.2495230494295032j),(0.015494626296057197-0.22895792927302158j),0.0003982787128165624,(0.001182676268591084-0.020565120156481626j)
1.5875000000000001,(0.01641887408430853-0.2475907881767027j),(0.014792378375133171-0.22742718898361225j),0.0003476564209951735,(0.0016264957091753577-0.020163599193090437j)
1.6,(0.01616639769709839-0.2456880928120413j),(0.014200753035860198-0.22464511755103558j),0.0004193586698262732,(0.00196564466123819-0.02104297526100571j)
1.6125,(0.0159196922696032-0.24381429287277878j),(0.015488806722982158-0.22198256619843432j),0.0003894625081492493,(0.0004308855466210425-0.021831726674344465j)
1.625,(0.015678583497040845-0.2419687379258521j),(0.013848194992937999-0.2203655118068137j),0.0003826835200927957,(0.0018303885041028468-0.021603226119038393j)
1.6375000000000002,(0.015442903597079376-0.24015079682886492j),(0.014118114112040642-0.21984691286838665j),0.0003818494072604485,(0.0013247894850387347-0.020303883960478275j)
1.6500000000000001,(0.015212491019529477-0.23835985702340182j),(0.014304109458449522-0.21599897577460428j),0.00043988836393023527,(0.0009083815610799548-0.022360881248797537j)
1.6625,(0.014987190170982632-0.23659532385903975j),(0.013721462063775034-0.21476220760568177j),0.00046033377927254574,(0.0012657281072075977-0.021833116253357987j)
1.675,(0.014766851153518157-0.2348566199465177j),(0.011916346638447671-0.21310617107747537j),0.0004570444389149041,(0.0028505045150704865-0.021750448869042316j)
1.6875,(0.01455132951666929-0.23314318453861588j),(0.009448983481537651-0.21146402829724803j),0.00041314850060803263,(0.00510234603513164-0.021679156241367847j)
1.7000000000000002,(0.014340486021883214-0.23145447293737595j),(0.010822236212937812-0.21055619505115553j),0.0004158143387886608,(0.0035182498089454013-0.020898277886220423j)
1.7125000000000001,(0.014134186418763451-0.22978995592636867j),(0.013823879460554625-0.20748942251729904j),0.00042766646385772935,(0.0003103069582088263-0.022300533409069623j)
1.725,(0.01393230123242436-0.2281491192267902j),(0.01442918820049158-0.20552655628093403j),0.00048444480254737485,(-0.0004968869680672203-0.022622562945856184j)
1.7375,(0.013734705561335634-0.22653146297623214j),(0.013122541925275327-0.20656024985749089j),0.0004959861151257922,(0.0006121636360603075-0.019971213118741254j)
1.75,(0.013541278885067528-0.2249365012290357j),(0.011133074663908046-0.20145106539472718j),0.0004290644092302036,(0.002408204221159482-0.02348543583430851j)
1.7625000000000002,(0.013351904881387888-0.2233637614771988j),(0.011518711633091606-0.1997985257962353j),0.00043475673281591457,(0.0018331932482962814-0.023565235680963498j)
1.7750000000000001,(0.013166471252196237-0.22181278419085987j),(0.011808489883210403-0.19852793134812455j),0.0004401173476401516,(0.0013579813689858344-0.02328485284273532j)
1.7875,(0.012984869557809567-0.22028312237743655j),(0.011490446117413164-0.1936966968860324j),0.0004557602157638805,(0.0014944234403964033-0.026586425491404164j)
1.8,(0.012806995059146589-0.21877434115854377j),(0.01025022157479631-0.19344446603101317j),0.0005926076751038033,(0.0025567734843502787-0.0253298751275306j)
1.8125,(0.012632746567382832-0.21728601736386538j),(0.013347808823755554-0.192378106790914j),0.00047294054291533355,(-0.0007150622563727223-0.024907910572951386j)
1.8250000000000002,(0.012462026300675978-0.2158177391411932j),(0.010654851441076188-0.18986165559720106j),0.0003988971457435933,(0.0018071748595997906-0.025956083543992148j)
1.8375000000000001,(0.012294739747584358-0.21436910558189226j),(0.008333496642066122-0.18791060243403335j),0.00040381467133761376,(0.003961243105518236-0.026458503147858914j)
1.85,(0.012130795536824205-0.2129397263610863j),(0.01332559307579951-0.19087150682454593j),0.000436776740781241,(-0.0011947975389753045-0.022068219536540368j)
1.8625,(0.011970105313031219-0.21152922139189623j),(0.010920642291433883-0.18432680064430695j),0.0003854098389011593,(0.0010494630215973355-0.027202420747589273j)
1.875,(0.011812583618213864-0.21013722049309752j),(0.012374870894900749-0.18241219621414395j),0.0004787394609569148,(-0.0005622872766868851-0.02772502427895357j)
1.8875000000000002,(0.011658147778601408-0.2087633630695956j),(0.007796428597198083-0.18404669328231968j),0.0005247460627686488,(0.003861719181403325-0.024716669787275908j)
1.9000000000000001,(0.011506717796608928-0.20740729780514638j),(0.008141272211949074-0.18185384536180346j),0.0005427649174264686,(0.0033654455846598534-0.025553452443342922j)
1.9125,(0.011358216247656127-0.20606868236678316j),(0.009855733551139386-0.18143155654696771j),0.00045880476753567477,(0.0015024826965167413-0.024637125819815447j)
1.925,(0.011212568181594194-0.20474718312043075j),(0.008062498034496372-0.17808537694290308j),0.00043918779258237685,(0.0031500701470978214-0.02666180617752767j)
1.9375,(0.011069701028504391-0.20344247485722106j),(0.009200016819813955-0.1773314068552044j),0.0004516665027179685,(0.0018696842086904364-0.026111068002016652j)
1.9500000000000002,(0.010929544508651922-0.2021542405300425j),(0.010137576003503273-0.17830922375712413j),0.000492605152836545,(0.0007919685051486491-0.023845016772918365j)
1.9625000000000001,(0.010792030546384047-0.20088217099988245j),(0.009601410048614265-0.1770740929751754j),0.00047263202582778404,(0.0011906204977697819-0.023808078024707052j)
1.975,(0.010657093187777687-0.1996259647915411j),(0.004513349948142676-0.16913878552576372j),0.0005325011283547645,(0.006143743239635011-0.030487179265777375j)
1.9875,(0.010524668521852435-0.19838532785831703j),(0.010492929628655851-0.17067525649783755j),0.0005518580327000224,(3.173889319658431e-05-0.027710071360479482j)
2.0,(0.010394694605171019-0.19715997335528415j),(0.009768286889935444-0.17037412877238775j),0.0005448306763632632,(0.0006264077152355746-0.0267858445828964j)
2.0125,(0.010267111389664242-0.19594962142079586j),(0.007987703007535386-0.16696194330869674j),0.0004645043508666596,(0.0022794083821288565-0.028987678112099124j)
2.025,(0.010141860653523937-0.19475399896587323j),(0.012522099399659101-0.16953925301804457j),0.00048064078719936316,(-0.002380238746135164-0.02521474594782866j)
2.0375,(0.010018885935013577-0.1935728394711467j),(0.007132236920531828-0.1649581859425084j),0.0004738181386758384,(0.002886649014481749-0.02861465352863829j)
2.0500000000000003,(0.009898132469059809-0.1924058827910394j),(0.00738805463743675-0.1649497693232305j),0.0004963368848507593,(0.002510077831623059-0.027456113467808907j)
2.0625,(0.00977954712648957-0.19125287496489204j),(0.007544108521102911-0.16221704235276568j),0.0005441333839447654,(0.0022354386053866594-0.02903583261212636j)
2.075,(0.009663078355789913-0.19011356803474627j),(0.006509660950474861-0.16195801233624102j),0.0004896997544375494,(0.0031534174053150527-0.028155555698505252j)
2.0875,(0.009548676127269678-0.18898771986951396j),(0.007396036960780909-0.15982153721201692j),0.000554332739628707,(0.0021526391664887694-0.029166182657497042j)
2.1,(0.009436291879511541-0.18787509399527424j),(0.006690490576456636-0.16138725522341898j),0.000527342962940953,(0.002745801303054905-0.02648783877185526j)
2.1125000000000003,(0.009325878468007837-0.18677545943145094j),(0.007655988855488897-0.15717684263036652j),0.0005779057485450826,(0.00166988961251894-0.029598616801084415j)
2.125,(0.009217390115878583-0.18568859053263434j),(0.00970607690062933-0.1571516030735206j),0.0006241478173806038,(-0.0004886867847507474-0.028536987459113733j)
2.1375,(0.009110782366576009-0.18461426683582402j),(0.0052888363346368815-0.15518019169156433j),0.0005781848405601832,(0.0038219460319391272-0.02943407514425969j)
2.15,(0.009006012038485294-0.18355227291287476j),(0.00806815814694729-0.15384278355726577j),0.0005059693001459728,(0.0009378538915380038-0.029709489355608992j)
2.1625,(0.008903037181334176-0.18250239822794398j),(0.009550723736795929-0.15250990524332406j),0.0006234635332214196,(-0.0006476865554617527-0.029992492984619923j)
2.1750000000000003,(0.008801817034330446-0.181464436999742j),(0.006127318603896751-0.15075949188217133j),0.000522815811217183,(0.0026744984304336956-0.03070494511757066j)
2.1875,(0.008702311985948712-0.1804381880683987j),(0.007441708577798789-0.149756114446514j),0.0006372181643895837,(0.0012606034081499235-0.030682073621884715j)
2.2,(0.0086044835352938-0.17942345476676846j),(0.007628848390121023-0.15002092935513472j),0.0005257619950442935,(0.0009756351451727773-0.02940252541163374j)
2.2125,(0.008508294254969562-0.17842004479599963j),(0.009209030849122238-0.14752916475163388j),0.0006692659805330449,(-0.0007007365941526754-0.030890880044365743j)
2.225,(0.00841370775538659-0.17742777010520877j),(0.007947633473788237-0.14439181159440068j),0.0005536415102057624,(0.0004660742815983526-0.033035958510808094j)
2.2375000000000003,(0.008320688650446889-0.17644644677509938j),(0.00837219816299553-0.14735607584056545j),0.0006623370438413054,(-5.150951254864061e-05-0.029090370934533927j)
2.25,(0.00822920252454207-0.17547589490537674j),(0.005391128608087467-0.14254652743250174j),0.0005960563915272722,(0.0028380739164546023-0.032929367472875004j)
2.2625,(0.008139215900812324-0.17451593850581715j),(0.00746543570982716-0.1424742166282145j),0.0005006030917434325,(0.000673780190985164-0.03204172187760265j)
2.275,(0.008050696210607116-0.17356640539085122j),(0.0073708967079639046-0.1418520748416424j),0.0006146204715673769,(0.0006797995026432118-0.03171433054920883j)
2.2875,(0.00796361176409908-0.17262712707753225j),(0.005858406794426979-0.1390107331246354j),0.000581152897834613,(0.0021052049696721007-0.03361639395289684j)
2.3000000000000003,(0.007877931722000006-0.17169793868676345j),(0.00868444213901255-0.1417506796320663j),0.0006326021927264848,(-0.0008065104170125442-0.02994725905469714j)
2.3125,(0.007793626068332282-0.17077867884766237j),(0.009376266840083278-0.14031500291655763j),0.0005766066525281149,(-0.0015826407717509962-0.030463675931104744j)
2.325,(0.007710665584211621-0.1698691896049488j),(0.005426743694461026-0.14125188627620547j),0.0006463460435896958,(0.0022839218897505948-0.02861730332874332j)
2.3375,(0.007629021822597805-0.16896931632924403j),(0.0068709667382048315-0.1358172582352479j),0.000668414261054892,(0.0007580550843929732-0.03315205809399613j)
2.35,(0.007548667083972813-0.1680789076301765j),(0.005833224860558785-0.1363918936357591j),0.0006128217635959004,(0.001715442223414028-0.031687013994417396j)
2.3625000000000003,(0.007469574392908042-0.16719781527219188j),(0.006695659240110056-0.13511413557130345j),0.0005511253405975408,(0.0007739151527979861-0.032083679700888434j)
2.375,(0.007391717475483442-0.16632589409296905j),(0.007808567043993245-0.1322704898632832j),0.000575007843831735,(-0.000416849568509803-0.03405540422968584j)
2.3875,(0.007315070737523395-0.165463001924351j),(0.005067679400365007-0.13017284403981416j),0.0005909638246019154,(0.0022473913371583876-0.03529015788453685j)
2.4000000000000004,(0.007239609243615824-0.16460899951569802j),(0.006529902805893029-0.13103257271794347j),0.0004132284663315011,(0.0007097064377227947-0.03357642679775455j)
2.4125,(0.007165308696882401-0.1637637504595792j),(0.005364655810319672-0.13316780792425414j),0.0005777930412190603,(0.0018006528865627293-0.03059594253532505j)
2.4250000000000003,(0.007092145419469436-0.16292712111971894j),(0.007886377690058675-0.12693694247161905j),0.0006851152267270008,(-0.0007942322705892391-0.03599017864809989j)
2.4375,(0.007020096333730399-0.1620989805611192j),(0.0049995138012558634-0.12752415321484808j),0.0006777310135313788,(0.0020205825324745358-0.034574827346271125j)
2.45,(0.006949138944071413-0.16127920048228117j),(0.007484592214383825-0.1288440025090256j),0.0005412479925531468,(-0.0005354532703124122-0.03243519797325556j)
2.4625000000000004,(0.0068792513194346865-0.16046765514945405j),(0.007752357329685615-0.12708073124155023j),0.000580956767732763,(-0.0008731060102509288-0.03338692390790382j)
2.475,(0.0068104120763925685-0.15966422133283933j),(0.003715649525496644-0.12468549358057138j),0.0005599442624137142,(0.0030947625508959244-0.03497872775226796j)
2.4875000000000003,(0.006742600362829829-0.15886877824468532j),(0.0046557960226892-0.1248924438602358j),0.0005574786494797096,(0.0020868043401406295-0.03397633438444951j)
2.5,(0.0066757958421892255-0.15808120747920412j),(0.005350017550779819-0.1206988484098095j),0.0007203736411959093,(0.0013257782914094067-0.03738235906939462j)
2.5125,(0.00660997867826001-0.15730139295425222j),(0.007488633300698975-0.12403462024990437j),0.0006582942134121732,(-0.0008786546224389654-0.033266772704347844j)
2.5250000000000004,(0.006545129520486132-0.1565292208547115j),(0.006402611303173521-0.12395827098827232j),0.0006827392412332472,(0.00014251821731261095-0.03257094986643917j)
2.5375,(0.006481229489775814-0.15576457957751555j),(0.0038396586671673332-0.12014647316509308j),0.0005966509255839353,(0.002641570822608481-0.03561810641242247j)
2.5500000000000003,(0.00641826016479199-0.155007359678265j),(0.004775545789547913-0.11951325950388018j),0.0006482707846949393,(0.0016427143752440771-0.03549410017438483j)
2.5625,(0.006356203568705185-0.1542574538193785j),(0.006638398870883685-0.11783290488694764j),0.0005377890886274265,(-0.00028219530217849995-0.036424548932430856j)
2.575,(0.006295042156391502-0.15351475671972842j),(0.004496010369479536-0.11899006571432809j),0.0007061615399340262,(0.0017990317869119657-0.03452469100540033j)
2.5875000000000004,(0.006234758802058159-0.15277916510571135j),(0.002463259367597136-0.11778225305899476j),0.0005424793580834536,(0.0037714994344610225-0.034996912046716594j)
2.6,(0.006175336787280945-0.15205057766370772j),(0.00836852859715388-0.11528575240637892j),0.0005821159392257227,(-0.002193191809872935-0.0367648252573288j)
2.6125000000000003,(0.006116759789437615-0.15132889499388258j),(0.002486563470395618-0.11321450166106804j),0.0005911252315446857,(0.0036301963190419973-0.038114393332814536j)
2.625,(0.006059011870522466-0.1506140195652857j),(0.005560900895648409-0.1150510814193589j),0.0007079459288922747,(0.0004981109748740569-0.0355629381459268j)
2.6375,(0.006002077466327515-0.14990585567220654j),(0.0046125669151672-0.11244018209822548j),0.0007569323810306173,(0.0013895105511603154-0.03746567357398106j)
2.6500000000000004,(0.005945941375977179-0.14920430939174614j),(0.004961263763212813-0.11207415698270067j),0.000601734030606587,(0.000984677612764366-0.03713015240904548j)
2.6625,(0.005890588751803046-0.14850928854256365j),(0.003869230260073035-0.11075310192221022j),0.000712338810544655,(0.0020213584917300105-0.03775618662035343j)
2.6750000000000003,(0.005836005089545716-0.14782070264476194j),(0.00678617226889994-0.10851601175405469j),0.0006712341758205165,(-0.0009501671793542233-0.03930469089070725j)
2.6875,(0.005782176218872758-0.14713846288087545j),(0.003743646351474269-0.11139762622719962j),0.0006220381787759515,(0.0020385298673984884-0.035740836653675834j)
2.7,(0.005729088294200077-0.1464624820579233j),(0.0009125726455116573-0.11034672970755226j),0.000549160886313827,(0.004816515648688419-0.03611575235037105j)
2.7125000000000004,(0.005676727785806145-0.14579267457049763j),(0.004405084035993593-0.10459047337114065j),0.0005930453617921363,(0.0012716437498125526-0.04120220119935698j)
2.725,(0.00562508147122897-0.14512895636485035j),(0.0019690400175535984-0.10713392049450876j),0.0007147773381087104,(0.003656041453675372-0.03799503587034159j)
2.7375000000000003,(0.00557413642693412-0.14447124490394972j),(0.003134745486210536-0.1049300411857833j),0.0006259032936101654,(0.0024393909407235846-0.039541203718166426j)
2.75,(0.005523880020246274-0.14381945913347538j),(-0.000860369165194103-0.10299391868744218j),0.0007849271377515766,(0.006384249185440377-0.040825540446033204j)
2.7625,(0.0054742999015322275-0.14317351944872336j),(0.004979171082230937-0.1041996041616925j),0.0007144181114326281,(0.0004951288193012909-0.03897391528703087j)
2.7750000000000004,(0.005425383996629068-0.142533347662391j),(0.003614630650270383-0.10566987783969477j),0.0007197858932864111,(0.0018107533463586852-0.03686346982269624j)
2.7875,(0.005377120499506352-0.14189886697321671j),(0.0044737454855608375-0.10556380544445461j),0.0007184146833904957,(0.0009033750139455145-0.036335061528762105j)
2.8000000000000003,(0.005329497865156269-0.14127000193544775j),(0.007009308015161368-0.10418408056076821j),0.0006839242531020326,(-0.001679810150005099-0.037085921374679545j)
2.8125,(0.005282504802701824-0.14064667842910936j),(0.00327152516747395-0.10044905495785339j),0.0006454944233757764,(0.0020109796352278738-0.04019762347125597j)
2.825,(0.005236130268716652-0.14002882363105268j),(0.0069739915785280784-0.10076075116703011j),0.0005037190816827459,(-0.0017378613098114268-0.03926807246402257j)
2.8375000000000004,(0.005190363460748804-0.1394163659867569j),(0.0003162351789216325-0.09661267099314381j),0.0006919255926281163,(0.004874128281827171-0.0428036949936131j)
2.85,(0.005145193811041147-0.13880923518286212j),(0.0035527519702944054-0.09669041890901163j),0.0006887874928641505,(0.0015924418407467413-0.04211881627385049j)
2.8625000000000003,(0.005100610980441839-0.13820736212041304j),(0.0036832571672914677-0.1000696895140681j),0.0008410310589981818,(0.0014173538131503714-0.038137672606344944j)
2.875,(0.005056604852498109-0.1376106788887896j),(0.005304810283291036-0.09790802853183601j),0.000728136814636542,(-0.000248205430792927-0.0397026503569536j)
2.8875,(0.005013165527727631-0.1370191187403061j),(0.005930812181663343-0.09697556727980881j),0.0008084450870789005,(-0.0009176466539357123-0.040043551460497276j)
2.9000000000000004,(0.0049702833180603955-0.1364326160654583j),(0.00482349304506479-0.09289774998631196j),0.0009311231813760304,(0.00014679027299560523-0.04353486607914635j)
2.9125,(0.004927948741446671-0.13585110636879832j),(0.002397465640048509-0.09160170539038777j),0.0007766887620203666,(0.002530483101398162-0.044249400978410555j)
2.9250000000000003,(0.004886152516623668-0.13527452624542097j),(0.00421169974736334-0.09763527640654278j),0.0007729153592052411,(0.000674452769260328-0.03763924983887819j)
2.9375,(0.004844885558037777-0.134702813358041j),(0.0006110710654965136-0.09350917230222816j),0.0007365053905918382,(0.004233814492541263-0.04119364105581283j)
2.95,(0.004804138970914837-0.1341359064146466j),(0.0026961850946293315-0.09339977750204546j),0.0007411719927536743,(0.002107953876285505-0.04073612891260113j)
2.9625000000000004,(0.004763904046475277-0.13357374514671047j),(0.004701397869000013-0.09434368487398956j),0.0006848620107792261,(6.250617747526402e-05-0.03923006027272091j)
2.975,(0.0047241722572883785-0.13301627028794252j),(0.00481334048376913-0.08995167287804928j),0.0006566918544273345,(-8.91682264807514e-05-0.04306459740989324j)
2.9875000000000003,(0.004684935252761339-0.13246342355357005j),(0.003408786973917677-0.09273979779580016j),0.0008245494770453583,(0.001276148278843662-0.03972362575776989j)
3.0,(0.004646184854758592-0.13191514762012813j),(0.004384197264982568-0.08819207940333913j),0.0006364098847891571,(0.000261987589776024-0.04372306821678899j)
3.0125,(0.004607913053347337-0.1313713861057476j),(0.003752435908711559-0.08794576494135756j),0.0007504175303161034,(0.0008554771446357781-0.043425621164390055j)
3.0250000000000004,(0.0045701120026647845-0.13083208355092452j),(0.00205955001259286-0.08790159166275169j),0.0008292663057252935,(0.0025105619900719243-0.04293049188817283j)
3.0375,(0.004532774016903327-0.1302971853997593j),(0.0033503206704329704-0.08536028406247832j),0.00085720051064384,(0.0011824533464703563-0.04493690133728097j)
3.0500000000000003,(0.004495891566410028-0.12976663798165075j),(0.004593114131610258-0.08973614059655045j),0.0009031459376400307,(-9.722256520022961e-05-0.0400304973851003j)
3.0625,(0.004459457273896322-0.129240388493433j),(0.0020919128019742774-0.0891693520951236j),0.0008396458592705092,(0.002367544471922045-0.040071036398309404j)
3.075,(0.0044234639107544995-0.12871838498194269j),(0.002981326994757507-0.08496620983285418j),0.0009810846037228212,(0.0014421369159969923-0.04375217514908851j)
3.0875000000000004,(0.004387904393477975-0.1282005763270045j),(0.0038817221799663268-0.08558559562756422j),0.0006964199810872236,(0.000506182213511648-0.042614980699440266j)
3.1,(0.0043527717801813215-0.12768691222482265j),(0.004179841482284423-0.08529560269355808j),0.0009185298339135235,(0.00017293029789689895-0.04239130953126456j)
3.1125000000000003,(0.004318059267217352-0.12717734317176876j),(0.006036529079306467-0.08688064422817274j),0.0006956796747355655,(-0.001718469812089115-0.04029669894359603j)
3.125,(0.004283760185888193-0.12667182044855313j),(0.001018481785991473-0.08246701403495856j),0.000680753338871825,(0.00326527839989672-0.044204806413594575j)
3.1375,(0.004249867999247026-0.12617029610477018j),(-0.001750841301752232-0.08511912745121546j),0.000696667926864463,(0.006000709300999258-0.04105116865355472j)
3.1500000000000004,(0.004216376298988165-0.1256727229438077j),(0.004264824583922778-0.0835162263969429j),0.0007687358149503072,(-4.844828493461278e-05-0.04215649654686482j)
3.1625,(0.0041832788024221265-0.12517905450810926j),(0.0031378438441346714-0.08460830841266077j),0.0007327524304781088,(0.001045434958287455-0.04057074609544849j)
3.1750000000000003,(0.004150569349533398-0.12468924506478092j),(0.005343033611022527-0.07784641428035496j),0.0008510825652579973,(-0.0011924642614891297-0.04684283078442596j)
3.1875,(0.004118241900118489-0.12420324959153242j),(0.006844969167239865-0.07785067865449967j),0.0008758798436103987,(-0.002726727267121376-0.04635257093703275j)
3.2,(0.004086290531001264-0.12372102376294451j),(0.004370441642601342-0.07472855484547745j),0.0008934826653055998,(-0.000284151111600078-0.04899246891746706j)
3.2125000000000004,(0.004054709433323642-0.12324252393705275j),(0.0027446871920571857-0.07925040675414911j),0.0008153387508827862,(0.0013100222412664561-0.043992117182903634j)
3.225,(0.00402349290990899-0.12276770714223943j),(0.0019486458361965282-0.07617425126536546j),0.0008807037792109819,(0.002074847073712462-0.04659345587687397j)
3.2375000000000003,(0.003992635372696417-0.12229653106442653j),(0.0017867810872264048-0.08010786952660703j),0.0007159741675413774,(0.002205854285470012-0.0421886615378195j)
3.25,(0.003962131340243281-0.12182895403456011j),(0.0032682220840959952-0.07577046685469215j),0.0010004391860990083,(0.000693909256147286-0.04605848717986796j)
3.2625,(0.003931975435294363-0.12136493501637957j),(0.003915013289997209-0.07533169258372444j),0.0009766757262343,(1.6962145297154223e-05-0.046033242432655136j)
3.2750000000000004,(0.003902162382415151-0.12090443359446372j),(0.004960334086383822-0.07702176448113013j),0.0008064268495243497,(-0.0010581717039686712-0.04388266911333359j)
3.2875,(0.0038726870056879675-0.12044740996254635j),(0.002597607850457294-0.07672280983620912j),0.0008304531965021718,(0.0012750791552306735-0.043724600126337235j)
3.3000000000000003,(0.0038435442264681038-0.11999382491209515j),(0.0024083196081348453-0.07653353673929575j),0.0006706054609579417,(0.0014352246183332584-0.0434602881727994j)
3.3125,(0.0038147290611995122-0.11954363982114513j),(0.002263557131629747-0.07551421656003665j),0.000923025314894382,(0.0015511719295697654-0.04402942326110848j)
3.325,(0.0037862366192865787-0.11909681664338229j),(0.0013971440237237269-0.06886682056890688j),0.0007365415841802814,(0.002389092595562852-0.05022999607447541j)
3.3375000000000004,(0.003758062101022113-0.11865331789746936j),(0.006700234052677162-0.07047388983875065j),0.0008416005968784633,(-0.0029421719516550494-0.04817942805871871j)
3.35,(0.0037302007955684734-0.11821310665660816j),(0.00020497452445930126-0.07313070021210664j),0.0010424590475393873,(0.0035252262711091722-0.04508240644450151j)
3.3625000000000003,(0.00370264807899078-0.11777614653833217j),(0.003323060823376789-0.06753965547430836j),0.0008632446606798184,(0.0003795872556139907-0.05023649106402381j)
3.375,(0.00367539941234106-0.11734240169452329j),(0.0021019094264664267-0.07036742080748892j),0.0008524743096788637,(0.0015734899858746332-0.04697498088703436j)
3.3875,(0.0036484503397912296-0.11691183680164795j),(0.003357503414058209-0.0684823125935852j),0.0008785069486521241,(0.00029094692573302045-0.04842952420806275j)
3.4000000000000004,(0.0036217964868136133-0.11648441705120549j),(0.0012888400439465886-0.06778572034373884j),0.0009607115318560366,(0.002332956442867025-0.048698696707466654j)
3.4125,(0.0035954335584081937-0.11606010814038509j),(0.0017795685033693556-0.06631022369159488j),0.0010147874736540978,(0.0018158650550388381-0.04974988444879021j)
3.4250000000000003,(0.003569357337374344-0.11563887626292421j),(-0.0003951324215467786-0.06835285417839622j),0.0010152938756663938,(0.003964489758921123-0.04728602208452799j)
3.4375,(0.0035435636826262637-0.11522068810016554j),(0.0038130037971844293-0.06832888725478471j),0.0008382725707391603,(-0.0002694401145581656-0.04689180084538083j)
3.45,(0.0035180485275510725-0.11480551081230524j),(0.00313096423150587-0.06529679108821722j),0.0009271481272814317,(0.00038708429604520245-0.04950871972408802j)
3.4625000000000004,(0.0034928078784078657-0.11439331202982997j),(-3.4716816091444095e-05-0.06305500108811012j),0.0008853204753962279,(0.00352752469449931-0.05133831094171985j)
3.475,(0.0034678378127666713-0.11398405984513538j),(0.004283111341369695-0.06491653340928347j),0.00079548529339885,(-0.0008152735286030234-0.04906752643585191j)
3.4875000000000003,(0.0034431344779865545-0.1135777228043249j),(0.002131485381005967-0.06150053199928664j),0.0007146804558415744,(0.0013116490969805874-0.05207719080503827j)
3.5,(0.0034186940897311217-0.11317426989918064j),(-0.001989592012973057-0.06105615814816577j),0.0007094028592781672,(0.0054082861027041785-0.05211811175101487j)
3.5125,(0.0033945129305210917-0.11277367055930507j),(0.004700046903074312-0.060559265162383066j),0.0006968316253470872,(-0.00130553397255322-0.052214405396922j)
3.5250000000000004,(0.0033705873483222456-0.11237589464442856j),(0.002799904148446288-0.06325126865326072j),0.000816755870761655,(0.0005706831998759576-0.04912462599116783j)
3.5375,(0.003346913755168015-0.11198091243687705j),(0.003776283687985174-0.05654000849796033j),0.0008089258299774414,(-0.0004293699328171592-0.05544090393891672j)
3.5500000000000003,(0.003323488625816109-0.11158869463419868j),(0.004374747881277245-0.06300097434820376j),0.0007899852499566374,(-0.0010512592554611359-0.04858772028599492j)
3.5625,(0.003300308496437428-0.11119921234194338j),(-0.000183215754955089-0.05956663741465881j),0.0008987791661099194,(0.003483524251392517-0.05163257492728457j)
3.575,(0.003277369963337072-0.11081243706659263j),(0.003057954493386914-0.059397234883428573j),0.0010054285183046143,(0.00021941546995015793-0.05141520218316406j)
3.5875000000000004,(0.0032546696817065293-0.11042834070863568j),(0.006545793762793142-0.0566744270748618j),0.0009858443327735679,(-0.003291124081086613-0.05375391363377388j)
3.6,(0.0032322043644053017-0.11004689555578859j),(0.001150843854137441-0.05711010861755932j),0.0009170115841593305,(0.002081360510267861-0.052936786938229265j)
3.6125000000000003,(0.003209970780772566-0.10966807427635256j),(0.0011369401223688378-0.05873894410918709j),0.0009279127932984274,(0.0020730306584037283-0.050929130167165465j)
3.625,(0.0031879657554666745-0.10929184991270877j),(0.0035186434374361903-0.05891178170344077j),0.0011257126166985363,(-0.0003306776819695157-0.050380068209268j)
3.6375,(0.0031661861673331335-0.10891819587494564j),(0.005038492633762623-0.05513360546629734j),0.0012029189910186624,(-0.0018723064664294899-0.053784590408648296j)
3.6500000000000004,(0.0031446289482984892-0.10854708593461589j),(0.0006538862653134739-0.05920342261920695j),0.0008033219466345742,(0.0024907426829850155-0.04934366331540894j)
3.6625,(0.0031232910822914153-0.10817849421862058j),(-0.0008390511791026904-0.05732559809442677j),0.00107792316466839,(0.003962342261394106-0.05085289612419381j)
3.6750000000000003,(0.003102169604188734-0.10781239520321655j),(-7.698879085049626e-07-0.05582464963612923j),0.0008274968322202553,(0.0031029394920972387-0.051987745567087316j)
3.6875,(0.003081261598786359-0.10744876370814442j),(0.00361095008003799-0.053577889549721175j),0.0010022192798981905,(-0.0005296884812516309-0.053870874158423246j)
3.7,(0.0030605641997946136-0.10708757489087499j),(0.003014501861936666-0.05141207143077125j),0.0008754236944860284,(4.606233785794771e-05-0.05567550346010374j)
3.7125000000000004,(0.003040074588856843-0.10672880424097052j),(0.0057571328004232345-0.05311825096408148j),0.0007396120919466711,(-0.0027170582115663916-0.05361055327688904j)
3.725,(0.0030197899945909354-0.10637242757455857j),(0.00197367692864124-0.053461526410286675j),0.0007053235182592765,(0.0010461130659496953-0.0529109011642719j)
3.7375000000000003,(0.002999707691653282-0.1060184210289156j),(-0.0004009594477537442-0.0503360661062527j),0.0008744214234989962,(0.003400667139407026-0.055682354922662894j)
3.75,(0.002979824999824038-0.10566676105715819j),(0.0009547765116262343-0.049343265579716786j),0.0007622261663961316,(0.002025048488197804-0.05632349547744141j)
3.7625,(0.0029601392831141294-0.10531742442303917j),(0.00032323189498286-0.050270880328031176j),0.0009852635781298121,(0.0026369073881312693-0.05504654409500799j)
3.7750000000000004,(0.002940647948892234-0.10497038819584568j),(0.0013695798256017006-0.051632485352121886j),0.0007674901011095227,(0.0015710681232905335-0.0533379028437238j)
3.7875,(0.0029213484470320145-0.10462562974539799j),(0.0031964655278865425-0.043706276398350175j),0.0009246673253972086,(-0.000275117080854528-0.06091935334704782j)
3.8000000000000003,(0.00290223826907898-0.10428312673714588j),(0.0018619148061415573-0.04777330990369551j),0.0009330306991900969,(0.0010403234629374229-0.05650981683345037j)
3.8125,(0.002883314947436019-0.10394285712736072j),(0.004577650801649698-0.046283353406177355j),0.0010137674282470986,(-0.001694335854213679-0.057659503721183364j)
3.825,(0.00286457605456776-0.10360479915842087j),(0.002182810868789755-0.045671286264985726j),0.0010402529519019633,(0.0006817651857780049-0.057933512893435145j)
3.8375000000000004,(0.0028460192022228036-0.1032689313541886j),(0.003419882969561674-0.04664665297000645j),0.0010531543870343058,(-0.0005738637673388704-0.056622278384182156j)
3.85,(0.002827642040673429-0.10293523251547615j),(0.0031062290597806547-0.043504982334555686j),0.0010158682183981998,(-0.00027858701910722563-0.05943025018092046j)
3.8625000000000003,(0.002809442257972477-0.10260368171559911j),(0.003627805348409666-0.0485240255681871j),0.0013254786399119227,(-0.0008183630904371893-0.05407965614741201j)
3.875,(0.002791417579227144-0.1022742582960154j),(-0.005902889060479387-0.048765005564576025j),0.001171915711154702,(0.008694306639706531-0.053509252731439375j)
3.8875,(0.0027735657658883458-0.10194694186204716j),(0.006568052423589221-0.04529633453111837j),0.0009866478429477212,(-0.0037944866577008757-0.05665060733092878j)
3.9000000000000004,(0.0027558846150568636-0.10162171227868458j),(0.007086345841000062-0.04518317722964109j),0.0011238979955494985,(-0.004330461225943199-0.05643853504904349j)
3.9125,(0.0027383719588039645-0.10129854966646958j),(0.0019353033157760967-0.043182088487753206j),0.0008343263780963273,(0.0008030686430278678-0.05811646117871637j)
3.9250000000000003,(0.0027210256635077845-0.10097743439745699j),(0.0017110631788167328-0.043422846665760385j),0.0011554118188887284,(0.0010099624846910517-0.0575545877316966j)
3.9375,(0.002703843629203802-0.1006583470912527j),(-0.0008871328844954582-0.0444611131396759j),0.0009352308308131299,(0.0035909765136992603-0.056197233951576796j)
3.95,(0.00268682378895011-0.10034126861112583j),(0.0003273132674014844-0.042184454859393775j),0.0010332402855192531,(0.002359510521548626-0.05815681375173205j)
3.9625000000000004,(0.0026699641082062638-0.1000261800601943j),(0.0020064124064411064-0.04087439989848186j),0.0010540014692586818,(0.0006635517017651573-0.05915178016171244j)
3.975,(0.0026532625842257676-0.09971306277768142j),(0.0037422269085314592-0.0393839847170378j),0.0009188336463368924,(-0.0010889643243056917-0.06032907806064362j)
3.9875000000000003,(0.0026367172454619626-0.09940189833524281j),(0.004427998905383697-0.03951405722186366j),0.0008660549599843238,(-0.001791281659921734-0.05988784111337915j)
4.0,(0.0026203261509866803-0.09909266853336078j),(0.002279109645477476-0.04227878740421996j),0.0008112728384041446,(0.00034121650550920446-0.05681388112914082j)
4.0125,(0.002604087389921423-0.09878535539780675j),(0.00396695237411492-0.04177834832770631j),0.0008511108543714268,(-0.0013628649841934968-0.05700700707010044j)
4.025,(0.002587999080881088-0.09847994117616805j),(0.0017206391518664178-0.03396566877428353j),0.0007783764649267467,(0.0008673599290146702-0.06451427240188452j)
4.0375000000000005,(0.0025720593714295-0.09817640833443929j),(0.00045946044752516875-0.038963253279819775j),0.0008356193502351332,(0.002112598923904331-0.059213155054619514j)
4.05,(0.0025562664375465526-0.09787473955367586j),(0.00556101437839428-0.03628080314997857j),0.0008839407519963038,(-0.0030047479408477273-0.061593936403697286j)
4.0625,(0.0025406184831068663-0.09757491772670926j),(-0.0002350829150822785-0.034818082277316476j),0.0009016081356666216,(0.0027757013981891446-0.06275683544939278j)
4.075,(0.002525113739369649-0.09727692595492232j),(-0.001697656774749791-0.035822215194596996j),0.0008611267641745749,(0.00422277051411944-0.061454710760325326j)
4.0875,(0.0025097504644791954-0.09698074754508264j),(0.0014117946809345608-0.03749046690168371j),0.0008116224312145494,(0.0010979557835446346-0.05949028064339893j)
4.1000000000000005,(0.0024945269429761884-0.09668636600623418j),(0.0024511426174493446-0.03489903966791442j),0.0006961913220177058,(4.3384325526843806e-05-0.06178732633831976j)
4.1125,(0.0024794414853191366-0.09639376504664432j),(0.004904884938799428-0.03714692963228753j),0.0008803877340032447,(-0.0024254434534802913-0.05924683541435679j)
4.125,(0.0024644924274161172-0.09610292857080713j),(-0.0017334856857704013-0.03484650693237681j),0.0010557098637006788,(0.004197978113186519-0.06125642163843032j)
4.1375,(0.0024496781301661225-0.0958138406764992j),(0.0014811432898298625-0.03552868009483835j),0.0010850768381386413,(0.0009685348403362601-0.06028516058166085j)
4.15,(0.0024349969790102314-0.09552648565188936j),(-0.003351931775460512-0.032160822770805786j),0.0010789750841050777,(0.005786928754470743-0.06336566288108357j)
4.1625000000000005,(0.002420447383492063-0.09524084797269958j),(0.002615093950041324-0.03826763774201183j),0.0010565920544627608,(-0.0001946465665492612-0.05697321023068775j)
4.175,(0.002406027776827181-0.09495691229941637j),(0.0026797743331173156-0.02945173529278511j),0.0011080957436118836,(-0.0002737465562901347-0.06550517700663126j)
4.1875,(0.0023917366154820145-0.09467466347455235j),(0.003946999701847343-0.03315955575945642j),0.0010427495893061201,(-0.0015552630863653284-0.061515107715095926j)
4.2,(0.0023775723787608123-0.0943940865199555j),(0.0033774848580622324-0.029748950859943415j),0.0011708984208272388,(-0.00099991247930142-0.06464513566001208j)
4.2125,(0.0023635335684015608-0.0941151666341669j),(0.001489176543391103-0.03383522871503583j),0.0011088000524686157,(0.0008743570250104578-0.06027993791913107j)
4.2250000000000005,(0.00234961870818017-0.09383788918982414j),(-0.0036617751897936404-0.03134074076742307j),0.001212995847469491,(0.00601139389797381-0.06249714842240107j)
4.2375,(0.002335826343522413-0.09356223973111083j),(0.0009216631882741375-0.029432188309277102j),0.0014002071561691775,(0.0014141631552482754-0.06413005142183373j)
4.25,(0.002322155041124464-0.09328820397125111j),(0.0011561723026006366-0.03011262807945438j),0.0013936137785753601,(0.0011659827385238272-0.06317557589179673j)
4.2625,(0.0023086033885807264-0.09301576779004699j),(0.0036489511967412653-0.030461204216724713j),0.001469907505036387,(-0.001340347808160539-0.06255456357332227j)
4.275,(0.0022951699940191215-0.09274491723145938j),(0.0024380083579270953-0.02737368816062773j),0.0011719128321098819,(-0.0001428383639079738-0.06537122907083165j)
4.2875000000000005,(0.0022818534857441835-0.09247563850123097j),(0.00015974466725676047-0.023804700134869725j),0.0014753080977639608,(0.002122108818487423-0.06867093836636125j)
4.3,(0.0022686525118871606-0.09220791796454998j),(-0.0011547501602847449-0.030882665442371768j),0.0013592555744198803,(0.0034234026721719057-0.061325252522178214j)
4.3125,(0.002255565740063039-0.09194174214375456j),(-0.0015554683712065242-0.02933123512838948j),0.0013605916233179868,(0.003811034111269563-0.06261050701536508j)
4.325,(0.002242591857034764-0.0916770977160765j),(-0.00022883105536109993-0.023398363887023023j),0.0012342913572438192,(0.0024714229123958638-0.06827873382905347j)
4.3375,(0.002229729568383873-0.09141397151142394j),(0.003140979294042322-0.023660589415977786j),0.0013158502775515097,(-0.000911249725658449-0.06775338209544615j)
4.3500000000000005,(0.0022169775981881346-0.09115235051020164j),(-5.224638312817051e-05-0.02372117295810859j),0.0012019798972612644,(0.002269223981316305-0.06743117755209305j)
4.3625,(0.0022043346887050887-0.09089222184116896j),(0.002243369950760287-0.025929660025743338j),0.0011894171072568366,(-3.9035262055198486e-05-0.06496256181542562j)
4.375,(0.002191799600062295-0.09063357277933384j),(0.0005203245157628035-0.023681331102335224j),0.001007581581181779,(0.0016714750842994914-0.06695224167699862j)
4.3875,(0.0021793711099535526-0.09037639074388278j),(0.002820663547876522-0.023691867803538456j),0.0011690990072137687,(-0.0006412924379229695-0.06668452294034433j)
4.4,(0.0021670480133411836-0.09012066329614606j),(-0.003464347727803702-0.025496056925579304j),0.0011104290960620188,(0.005631395741144886-0.06462460637056675j)
4.4125000000000005,(0.002154829122164052-0.08986637813759647j),(0.002212453387996548-0.02289531669076006j),0.0010732549570071372,(-5.762426583249625e-05-0.06697106144683641j)
4.425,(0.0021427132650515502-0.08961352310788298j),(0.004321849483018346-0.0230288433746117j),0.0009901198195908787,(-0.0021791362179667956-0.06658467973327128j)
4.4375,(0.0021306992870429703-0.0893620861828962j),(-0.0024234703790587753-0.020785003739510168j),0.000781731501261107,(0.004554169666101745-0.06857708244338603j)
4.45,(0.0021187860493125724-0.08911205547286727j),(0.00016712460813023638-0.019876841140722138j),0.0009999097006328222,(0.001951661441182336-0.06923521433214513j)
4.4625,(0.002106972428899749-0.08886341922049755j),(-0.001578134568405083-0.022217908759149276j),0.0007894643714260754,(0.003685106997304832-0.06664551046134827j)
4.4750000000000005,(0.002095257318444687-0.08861616579912016j),(0.0026477107149274117-0.02030872390461359j),0.0008198029521913469,(-0.0005524533964827247-0.06830744189450656j)
4.4875,(0.0020836396259291123-0.08837028371089167j),(0.00017465459777070514-0.014899155694498305j),0.0009267631209246889,(0.0019089850281584072-0.07347112801639337j)
4.5,(0.0020721182744218402-0.08812576158501383j),(0.0034785545917149076-0.01883952679440968j),0.0007790010172731272,(-0.0014064363172930673-0.06928623479060414j)
4.5125,(0.002060692201829423-0.08788258817598461j),(0.0018756773956080197-0.01713093729977194j),0.0008082380825185017,(0.00018501480622140306-0.07075165087621267j)
4.525,(0.0020493603606516995-0.08764075236187814j),(-0.00024563697388110784-0.017702991469017042j),0.000914318495535155,(0.0022949973345328073-0.0699377608928611j)
4.5375000000000005,(0.0020381217177416542-0.08740024314265289j),(0.0022185261496875186-0.0208408211170825j),0.000860699011302549,(-0.0001804044319458644-0.06655942202557039j)
4.55,(0.0020269752540702634-0.0871610496384873j),(0.0016233537172410197-0.022700634499649066j),0.0009175746223231071,(0.00040362153682924366-0.06446041513883823j)
4.5625,(0.00201591996449559-0.08692316108814287j),(0.0003060413571337647-0.015636440141681418j),0.001005065937351414,(0.001709878607361825-0.07128672094646145j)
4.575,(0.002004954857536397-0.08668656684735397j),(-0.0005485735307482908-0.018000424326625308j),0.0009148382018394918,(0.002553528388284688-0.06868614252072866j)
4.5875,(0.001994078955149937-0.08645125638724348j),(0.0019676756118682066-0.0140816966186748j),0.0009006600401781856,(2.640334328173023e-05-0.07236955976856868j)
4.6000000000000005,(0.001983291292514026-0.08621721929276428j),(0.003285822960570545-0.016071633386209747j),0.0008821702446697041,(-0.001302531668056519-0.07014558590655454j)
4.6125,(0.001972590917813198-0.08598444526116603j),(0.0007633313145007547-0.014303507574693758j),0.0010446722486961366,(0.0012092596033124433-0.07168093768647227j)
4.625,(0.001961976892028963-0.08575292410048646j),(0.0018160344135146164-0.016712826342153687j),0.0008029678744144596,(0.00014594247851434667-0.06904009775833278j)
4.6375,(0.0019514482887338905-0.08552264572806703j),(0.006059406451235657-0.009683002748210661j),0.0009728963389709252,(-0.0041079581625017665-0.07583964297985638j)
4.65,(0.001941004193889515-0.08529360016909208j),(0.006968019806922746-0.011013562302354956j),0.0009158232379295903,(-0.005027015613033231-0.07428003786673713j)
4.6625000000000005,(0.0019306437056482056-0.08506577755515213j),(-0.0005576225686190485-0.015702582811645466j),0.0010470183201611743,(0.002488266274267254-0.06936319474350666j)
4.675,(0.0019203659341585815-0.08483916812282896j),(0.0043635576934140195-0.011645384046825625j),0.000986317613677737,(-0.002443191759255438-0.07319378407600334j)
4.6875,(0.0019101700013745436-0.08461376221230396j),(0.002341158424877484-0.01865999207459457j),0.0009613936403041276,(-0.0004309884235029406-0.0659537701377094j)
4.7,(0.0019000550408677552-0.08438955026598857j),(0.0009153785593904426-0.010082174164959672j),0.0011724389626752065,(0.0009846764814773127-0.0743073761010289j)
4.7125,(0.0018900201976440026-0.08416652282717584j),(0.001165714804892294-0.00855344068550565j),0.0009698681845675932,(0.0007243053927517085-0.07561308214167019j)
4.7250000000000005,(0.001880064627962281-0.08394467053871382j),(0.001359034352003146-0.0053794499171742095j),0.0008338514592320298,(0.0005210302759591349-0.07856522062153962j)
4.7375,(0.001870187499157746-0.08372398414169938j),(0.002075476431995926-0.016535922799330444j),0.0010628654418636681,(-0.00020528893283818005-0.06718806134236893j)
4.75,(0.0018603879894676977-0.08350445447419282j),(0.0022289413869962123-0.009225582408572314j),0.0010663334827348155,(-0.00036855339752851464-0.0742788720656205j)
4.7625,(0.0018506652878607734-0.08328607246995262j),(0.0026785773830920825-0.009650345336780865j),0.0009561839994400792,(-0.000827912095231309-0.07363572713317176j)
4.775,(0.00184101859386916-0.08306882915718976j),(0.0037133647088072874-0.010839390149597254j),0.0011817322315334036,(-0.0018723461149381274-0.0722294390075925j)
4.7875000000000005,(0.0018314471174240515-0.0828527156573414j),(0.002056553466665693-0.008921464924658732j),0.0009986042970228119,(-0.00022510634924164156-0.07393125073268267j)
4.800000000000001,(0.001821950078693902-0.08263772318386378j),(0.004280656277194427-0.010431443198828924j),0.0011747489323193643,(-0.002458706198500525-0.07220627998503486j)
4.8125,(0.001812526707925767-0.08242384304104387j),(0.003474271000155369-0.009072801311715678j),0.0012176338316101918,(-0.001661744292229602-0.0733510417293282j)
4.825,(0.0018031762452892708-0.08221106662282911j),(-0.000292640986448688-0.005142701007099147j),0.0010931542085272513,(0.002095817231737959-0.07706836561572997j)
4.8375,(0.0017938979407237938-0.08199938541167545j),(0.00045977944625113425-0.006677201829576183j),0.0011776247869028198,(0.0013341184944726595-0.07532218358209927j)
4.8500000000000005,(0.0017846910537878422-0.08178879097741286j),(-0.0019521625851159487-0.008222285299594359j),0.001376846258791507,(0.003736853638903791-0.0735665056778185j)
4.862500000000001,(0.001775554853511613-0.08157927497612862j),(0.0017345046823295579-0.002098329971308477j),0.0015739276311898733,(4.1050171182055234e-05-0.07948094500482014j)
4.875,(0.0017664886182519987-0.08137082914906696j),(-0.0031966548728513695-0.004988450306869097j),0.0012599343816262327,(0.004963143491103368-0.07638237884219787j)
4.8875,(0.0017574916355500472-0.08116344532154653j),(-0.0007422833504830487-0.0023337102341658774j),0.0016370137686668998,(0.002499774986033096-0.07882973508738064j)
4.9,(0.0017485632019911513-0.08095711540189342j),(0.0038655229467412584-0.005865420045134692j),0.0013295833205664717,(-0.002116959744750107-0.07509169535675872j)
4.9125000000000005,(0.0017397026230676757-0.0807518313803907j),(0.0026107993191191005-0.0049194527998513956j),0.0015367802739171268,(-0.0008710966960514249-0.0758323785805393j)
4.925000000000001,(0.001730909213043871-0.08054758532824419j),(0.004561932264254741-0.004438928693482411j),0.0012515540356337646,(-0.00283102305121087-0.07610865663476178j)
4.9375,(0.0017221822948234598-0.08034436939656311j),(0.00299045404265433-0.0005153779834481654j),0.0014983775581208373,(-0.0012682717478308704-0.07982899141311495j)
4.95,(0.0017135211998191649-0.08014217581535696j),(-0.00037302991309178635+0.0023877426471112105j),0.0012807534933532896,(0.0020865511129109513-0.08252991846246817j)
4.9625,(0.0017049252678248154-0.07994099689254684j),(-0.0020776163578753847-0.0028370866841464855j),0.0013902672357980492,(0.0037825416257002004-0.07710391020840035j)
4.9750000000000005,(0.0016963938468896897-0.07974082501299169j),(0.00013680916962037986+0.0004786299391640417j),0.0013625979783836737,(0.0015595846772693098-0.08021945495215574j)
